id	ratio	positive	negetive	num
2021.05.23	24.14	7	22	29
2021.05.22	40.91	9	13	22
2021.05.21	23.33	14	46	60
2021.05.20	22.15	33	116	149
2021.05.19	21.43	3	11	14
2021.05.18	42.59	23	31	54
2021.05.17	34.25	25	48	73
2021.05.16	34.38	11	21	32
2021.05.15	27.78	10	26	36
2021.05.14	23.24	33	109	142
2021.05.13	31.0	31	69	100
2021.05.12	27.5	55	145	200
2021.05.11	29.45	43	103	146
2021.05.10	29.67	73	173	246
2021.05.09	30.0	15	35	50
2021.05.08	30.51	18	41	59
2021.05.07	31.71	39	84	123
2021.05.06	28.57	44	110	154
2021.05.05	30.65	19	43	62
2021.05.04	29.74	69	163	232
2021.05.03	32.55	111	230	341
2021.05.02	35.33	59	108	167
2021.05.01	27.17	47	126	173
2021.04.30	25.53	156	455	611
2021.04.29	24.93	94	283	377
2021.04.28	27.43	48	127	175
2021.04.27	32.0	32	68	100
2021.04.26	24.63	33	101	134
2021.04.25	29.17	7	17	24
2021.04.24	38.1	24	39	63
2021.04.23	30.0	15	35	50
2021.04.22	34.78	24	45	69
2021.04.21	37.5	24	40	64
2021.04.20	13.79	8	50	58
2021.04.19	26.03	19	54	73
2021.04.18	45.0	9	11	20
2021.04.17	50.0	4	4	8
2021.04.16	18.0	9	41	50
2021.04.15	32.5	13	27	40
2021.04.14	26.67	12	33	45
2021.04.13	26.67	16	44	60
2021.04.12	32.73	18	37	55
2021.04.11	50.0	3	3	6
2021.04.10	0.0	0	5	5
2021.04.09	47.62	20	22	42
2021.04.08	35.48	22	40	62
2021.04.07	43.86	25	32	57
2021.04.06	38.24	13	21	34
2021.04.05	23.08	3	10	13
2021.04.04	33.33	1	2	3
2021.04.03	0.0	0	3	3
2021.04.02	31.43	22	48	70
2021.04.01	35.71	15	27	42
2021.03.31	17.31	9	43	52
2021.03.30	45.1	23	28	51
2021.03.29	31.25	15	33	48
2021.03.28	44.44	4	5	9
2021.03.27	54.55	6	5	11
2021.03.26	41.1	30	43	73
2021.03.25	36.84	14	24	38
2021.03.24	30.77	4	9	13
2021.03.23	30.0	6	14	20
2021.03.22	45.83	11	13	24
2021.03.21	75.0	3	1	4
2021.03.20	13.33	2	13	15
2021.03.19	37.78	17	28	45
2021.03.18	23.08	3	10	13
2021.03.17	36.11	13	23	36
2021.03.16	13.33	2	13	15
2021.03.15	44.74	17	21	38
2021.03.14	40.0	2	3	5
2021.03.13	62.5	5	3	8
2021.03.12	30.43	14	32	46
2021.03.11	41.38	12	17	29
2021.03.10	31.25	10	22	32
2021.03.09	16.18	11	57	68
2021.03.08	34.29	12	23	35
2021.03.07	28.57	2	5	7
2021.03.06	44.44	4	5	9
2021.03.05	28.57	4	10	14
2021.03.04	37.5	6	10	16
2021.03.03	59.09	13	9	22
2021.03.02	43.48	10	13	23
2021.03.01	50.0	1	1	2
2021.02.28	40.0	2	3	5
2021.02.27	28.57	2	5	7
2021.02.26	22.58	7	24	31
2021.02.25	47.62	10	11	21
2021.02.24	28.0	7	18	25
2021.02.23	26.92	7	19	26
2021.02.22	35.48	11	20	31
2021.02.21	100.0	1	0	1
2021.02.20	0.0	0	2	2
2021.02.19	14.29	1	6	7
2021.02.18	25.0	3	9	12
2021.02.17	33.33	2	4	6
2021.02.16	42.86	6	8	14
2021.02.15	43.75	7	9	16
2021.02.14	50.0	2	2	4
2021.02.13	0.0	0	1	1
2021.02.12	50.0	2	2	4
2021.02.11	0.0	0	3	3
2021.02.10	23.08	6	20	26
2021.02.09	26.47	27	75	102
2021.02.08	39.58	19	29	48
2021.02.07	0.0	0	2	2
2021.02.06	28.57	2	5	7
2021.02.05	25.58	11	32	43
2021.02.04	12.9	4	27	31
2021.02.03	26.67	8	22	30
2021.02.02	14.29	3	18	21
2021.02.01	46.15	12	14	26
2021.01.31	50.0	2	2	4
2021.01.30	40.0	2	3	5
2021.01.29	31.03	9	20	29
2021.01.28	47.83	11	12	23
2021.01.27	30.77	8	18	26
2021.01.26	22.22	2	7	9
2021.01.25	34.48	10	19	29
2021.01.24	40.0	2	3	5
2021.01.23	20.0	1	4	5
2021.01.22	38.89	14	22	36
2021.01.21	26.32	5	14	19
2021.01.20	35.71	5	9	14
2021.01.19	16.67	4	20	24
2021.01.18	12.5	1	7	8
2021.01.17	50.0	3	3	6
2021.01.16	25.0	1	3	4
2021.01.15	28.0	7	18	25
2021.01.14	37.5	6	10	16
2021.01.13	46.15	12	14	26
2021.01.12	42.31	11	15	26
2021.01.11	23.81	5	16	21
2021.01.10	50.0	2	2	4
2021.01.09	0.0	0	3	3
2021.01.08	30.77	4	9	13
2021.01.07	33.33	4	8	12
2021.01.06	33.33	3	6	9
2021.01.05	18.18	2	9	11
2021.01.04	50.0	5	5	10
2021.01.02	66.67	2	1	3
2021.01.01	0.0	0	1	1
2020.12.31	100.0	1	0	1
2020.12.30	37.5	6	10	16
2020.12.29	41.67	5	7	12
2020.12.28	0.0	0	8	8
2020.12.27	0.0	0	1	1
2020.12.26	0.0	0	3	3
2020.12.25	0.0	0	3	3
2020.12.24	33.33	4	8	12
2020.12.23	33.33	6	12	18
2020.12.22	30.77	4	9	13
2020.12.21	15.79	3	16	19
2020.12.20	0.0	0	2	2
2020.12.19	50.0	3	3	6
2020.12.18	23.53	4	13	17
2020.12.17	18.18	2	9	11
2020.12.16	29.17	7	17	24
2020.12.15	40.0	8	12	20
2020.12.14	27.03	10	27	37
2020.12.13	66.67	2	1	3
2020.12.12	0.0	0	1	1
2020.12.11	7.69	1	12	13
2020.12.10	50.0	8	8	16
2020.12.09	16.67	4	20	24
2020.12.08	43.24	16	21	37
2020.12.07	33.33	19	38	57
2020.12.06	20.0	3	12	15
2020.12.05	23.08	3	10	13
2020.12.04	37.62	38	63	101
2020.12.03	25.38	84	247	331
2020.12.02	48.57	17	18	35
2020.12.01	15.0	3	17	20
2020.11.30	40.0	10	15	25
2020.11.29	60.0	3	2	5
2020.11.28	50.0	2	2	4
2020.11.27	47.37	18	20	38
2020.11.26	31.58	6	13	19
2020.11.25	33.33	9	18	27
2020.11.24	54.76	23	19	42
2020.11.23	37.68	26	43	69
2020.11.22	46.43	13	15	28
2020.11.21	44.44	12	15	27
2020.11.20	45.0	9	11	20
2020.11.19	30.0	6	14	20
2020.11.18	31.25	5	11	16
2020.11.17	15.79	3	16	19
2020.11.16	42.86	3	4	7
2020.11.15	50.0	2	2	4
2020.11.14	50.0	1	1	2
2020.11.13	50.0	1	1	2
2020.11.12	25.0	3	9	12
2020.11.11	51.85	14	13	27
2020.11.10	20.0	2	8	10
2020.11.09	50.0	4	4	8
2020.11.07	12.5	1	7	8
2020.11.06	25.0	2	6	8
2020.11.05	14.29	1	6	7
2020.11.04	25.0	1	3	4
2020.11.03	50.0	3	3	6
2020.11.02	80.0	8	2	10
2020.11.01	42.86	3	4	7
2020.10.31	50.0	1	1	2
2020.10.30	50.0	1	1	2
2020.10.29	25.0	2	6	8
2020.10.28	16.67	1	5	6
2020.10.27	11.11	1	8	9
2020.10.26	0.0	0	2	2
2020.10.25	0.0	0	3	3
2020.10.24	0.0	0	2	2
2020.10.23	50.0	1	1	2
2020.10.22	0.0	0	3	3
2020.10.21	58.33	7	5	12
2020.10.20	50.0	3	3	6
2020.10.19	33.33	2	4	6
2020.10.18	50.0	1	1	2
2020.10.17	25.0	1	3	4
2020.10.16	33.33	3	6	9
2020.10.15	13.33	2	13	15
2020.10.14	66.67	2	1	3
2020.10.13	14.29	1	6	7
2020.10.12	22.22	2	7	9
2020.10.11	0.0	0	2	2
2020.10.09	33.33	1	2	3
2020.10.08	40.0	2	3	5
2020.10.07	25.0	3	9	12
2020.10.06	33.33	3	6	9
2020.10.05	53.33	8	7	15
2020.10.04	0.0	0	1	1
2020.10.03	50.0	1	1	2
2020.10.02	33.33	1	2	3
2020.10.01	100.0	1	0	1
2020.09.30	0.0	0	1	1
2020.09.29	0.0	0	2	2
2020.09.28	40.0	2	3	5
2020.09.27	50.0	1	1	2
2020.09.26	50.0	1	1	2
2020.09.25	50.0	6	6	12
2020.09.24	42.86	9	12	21
2020.09.23	18.75	3	13	16
2020.09.22	46.67	7	8	15
2020.09.21	50.0	2	2	4
2020.09.20	33.33	1	2	3
2020.09.19	0.0	0	1	1
2020.09.18	17.65	3	14	17
2020.09.17	27.27	6	16	22
2020.09.16	17.65	3	14	17
2020.09.15	38.89	7	11	18
2020.09.14	33.33	5	10	15
2020.09.13	0.0	0	1	1
2020.09.12	50.0	1	1	2
2020.09.11	37.5	3	5	8
2020.09.10	35.71	5	9	14
2020.09.09	33.33	1	2	3
2020.09.08	10.0	1	9	10
2020.09.07	50.0	5	5	10
2020.09.06	28.57	2	5	7
2020.09.05	0.0	0	7	7
2020.09.04	32.0	8	17	25
2020.09.03	44.0	11	14	25
2020.09.02	44.68	21	26	47
2020.09.01	33.33	5	10	15
2020.08.31	16.67	1	5	6
2020.08.30	40.0	2	3	5
2020.08.29	0.0	0	2	2
2020.08.28	30.77	4	9	13
2020.08.27	28.57	2	5	7
2020.08.26	0.0	0	4	4
2020.08.25	50.0	3	3	6
2020.08.24	20.0	1	4	5
2020.08.22	0.0	0	1	1
2020.08.21	40.0	2	3	5
2020.08.20	0.0	0	4	4
2020.08.19	7.69	1	12	13
2020.08.18	12.5	3	21	24
2020.08.16	50.0	1	1	2
2020.08.15	0.0	0	1	1
2020.08.14	33.33	1	2	3
2020.08.13	21.88	7	25	32
2020.08.12	29.17	7	17	24
2020.08.11	22.78	18	61	79
2020.08.10	45.45	5	6	11
2020.08.09	100.0	1	0	1
2020.08.08	0.0	0	2	2
2020.08.07	12.5	1	7	8
2020.08.06	40.0	4	6	10
2020.08.05	20.0	2	8	10
2020.08.04	14.29	1	6	7
2020.08.03	30.0	3	7	10
2020.08.02	100.0	2	0	2
2020.07.31	18.18	2	9	11
2020.07.30	28.57	2	5	7
2020.07.29	25.0	2	6	8
2020.07.28	0.0	0	6	6
2020.07.27	28.57	2	5	7
2020.07.26	0.0	0	1	1
2020.07.25	50.0	1	1	2
2020.07.24	0.0	0	2	2
2020.07.23	0.0	0	2	2
2020.07.22	50.0	2	2	4
2020.07.21	33.33	2	4	6
2020.07.20	66.67	2	1	3
2020.07.19	0.0	0	2	2
2020.07.17	100.0	1	0	1
2020.07.16	50.0	3	3	6
2020.07.15	0.0	0	6	6
2020.07.14	50.0	2	2	4
2020.07.13	33.33	1	2	3
2020.07.12	0.0	0	1	1
2020.07.10	0.0	0	2	2
2020.07.09	0.0	0	2	2
2020.07.08	0.0	0	3	3
2020.07.07	28.57	2	5	7
2020.07.06	35.71	5	9	14
2020.07.03	0.0	0	1	1
2020.07.02	44.44	4	5	9
2020.07.01	40.0	2	3	5
2020.06.30	35.29	6	11	17
2020.06.29	0.0	0	2	2
2020.06.28	100.0	1	0	1
2020.06.27	0.0	0	2	2
2020.06.26	0.0	0	3	3
2020.06.25	0.0	0	1	1
2020.06.24	33.33	1	2	3
2020.06.23	0.0	0	4	4
2020.06.22	0.0	0	3	3
2020.06.21	50.0	1	1	2
2020.06.20	0.0	0	2	2
2020.06.19	0.0	0	2	2
2020.06.18	0.0	0	1	1
2020.06.17	50.0	1	1	2
2020.06.16	0.0	0	2	2
2020.06.15	0.0	0	2	2
2020.06.13	0.0	0	1	1
2020.06.12	0.0	0	3	3
2020.06.11	0.0	0	3	3
2020.06.10	16.67	1	5	6
2020.06.06	100.0	1	0	1
2020.06.05	0.0	0	2	2
2020.06.04	33.33	1	2	3
2020.06.03	33.33	1	2	3
2020.06.02	0.0	0	1	1
2020.06.01	33.33	1	2	3
2020.05.29	0.0	0	3	3
2020.05.28	12.5	1	7	8
2020.05.27	0.0	0	0	0
2020.05.26	20.0	1	4	5
2020.05.25	28.57	2	5	7
2020.05.24	0.0	0	3	3
2020.05.23	100.0	1	0	1
2020.05.22	42.86	3	4	7
2020.05.21	0.0	0	5	5
2020.05.20	50.0	2	2	4
2020.05.19	42.86	3	4	7
2020.05.18	0.0	0	1	1
2020.05.17	100.0	1	0	1
2020.05.16	100.0	1	0	1
2020.05.15	75.0	3	1	4
2020.05.14	75.0	3	1	4
2020.05.13	42.86	6	8	14
2020.05.12	50.0	1	1	2
2020.05.11	100.0	2	0	2
2020.05.10	100.0	1	0	1
2020.05.08	33.33	2	4	6
2020.05.07	33.33	2	4	6
2020.05.06	50.0	3	3	6
2020.05.05	0.0	0	1	1
2020.05.04	100.0	1	0	1
2020.04.28	66.67	2	1	3
2020.04.27	0.0	0	1	1
2020.04.26	0.0	0	1	1
2020.04.24	100.0	3	0	3
2020.04.23	75.0	3	1	4
2020.04.22	50.0	2	2	4
2020.04.21	0.0	0	2	2
2020.04.20	16.67	2	10	12
2020.04.19	50.0	1	1	2
2020.04.18	0.0	0	1	1
2020.04.17	25.0	1	3	4
2020.04.16	0.0	0	4	4
2020.04.15	0.0	0	1	1
2020.04.14	25.0	2	6	8
2020.04.13	0.0	0	0	0
2020.04.10	0.0	0	1	1
2020.04.09	0.0	0	4	4
2020.04.08	66.67	4	2	6
2020.04.07	50.0	1	1	2
2020.04.06	0.0	0	2	2
2020.04.05	0.0	0	1	1
2020.04.04	0.0	0	2	2
2020.04.03	50.0	1	1	2
2020.04.02	66.67	4	2	6
2020.04.01	30.0	3	7	10
2020.03.31	46.67	7	8	15
2020.03.30	50.0	2	2	4
2020.03.28	33.33	1	2	3
2020.03.27	16.67	1	5	6
2020.03.26	33.33	2	4	6
2020.03.25	0.0	0	4	4
2020.03.24	25.0	1	3	4
2020.03.23	16.67	1	5	6
2020.03.22	33.33	1	2	3
2020.03.20	37.5	3	5	8
2020.03.19	33.33	1	2	3
2020.03.18	16.67	1	5	6
2020.03.17	40.0	2	3	5
2020.03.16	9.09	1	10	11
2020.03.15	100.0	1	0	1
2020.03.14	0.0	0	1	1
2020.03.13	66.67	2	1	3
2020.03.12	33.33	2	4	6
2020.03.11	0.0	0	3	3
2020.03.10	66.67	2	1	3
2020.03.09	100.0	1	0	1
2020.03.08	0.0	0	1	1
2020.03.07	0.0	0	1	1
2020.03.06	40.0	2	3	5
2020.03.05	20.0	1	4	5
2020.03.04	25.0	2	6	8
2020.03.03	33.33	1	2	3
2020.03.02	0.0	0	3	3
2020.02.29	0.0	0	2	2
2020.02.28	25.0	1	3	4
2020.02.27	50.0	1	1	2
2020.02.26	50.0	1	1	2
2020.02.25	22.22	2	7	9
2020.02.22	0.0	0	1	1
2020.02.21	0.0	0	1	1
2020.02.20	33.33	1	2	3
2020.02.18	25.0	1	3	4
2020.02.17	0.0	0	1	1
2020.02.16	0.0	0	0	0
2020.02.14	0.0	0	3	3
2020.02.13	0.0	0	1	1
2020.02.12	33.33	4	8	12
2020.02.11	50.0	1	1	2
2020.02.10	0.0	0	1	1
2020.02.09	50.0	1	1	2
2020.02.07	0.0	0	1	1
2020.02.06	0.0	0	2	2
2020.02.05	0.0	0	5	5
2020.02.04	0.0	0	4	4
2020.02.03	0.0	0	2	2
2020.02.02	0.0	0	1	1
2020.02.01	0.0	0	3	3
2020.01.31	0.0	0	1	1
2020.01.30	0.0	0	1	1
2020.01.29	100.0	1	0	1
2020.01.28	50.0	1	1	2
2020.01.26	100.0	1	0	1
2020.01.25	0.0	0	1	1
2020.01.23	40.0	2	3	5
2020.01.22	0.0	0	6	6
2020.01.19	0.0	0	1	1
2020.01.17	28.57	2	5	7
2020.01.16	20.0	1	4	5
2020.01.15	50.0	1	1	2
2020.01.14	0.0	0	1	1
2020.01.13	25.0	1	3	4
2020.01.12	0.0	0	1	1
2020.01.10	33.33	3	6	9
2020.01.09	0.0	0	1	1
2020.01.08	66.67	2	1	3
2020.01.07	20.0	1	4	5
2020.01.06	0.0	0	5	5
2020.01.05	0.0	0	1	1
2020.01.03	100.0	3	0	3
2020.01.02	0.0	0	1	1
2019.12.29	100.0	1	0	1
2019.12.27	0.0	0	1	1
2019.12.26	75.0	3	1	4
2019.12.24	100.0	1	0	1
2019.12.23	0.0	0	1	1
2019.12.22	100.0	1	0	1
2019.12.20	50.0	1	1	2
2019.12.19	0.0	0	2	2
2019.12.18	33.33	1	2	3
2019.12.17	33.33	2	4	6
2019.12.13	40.0	2	3	5
2019.12.14	0.0	0	1	1
2019.12.15	0.0	0	1	1
2019.12.12	50.0	2	2	4
2019.12.11	0.0	0	1	1
2019.12.10	0.0	0	2	2
2019.12.08	0.0	0	1	1
2019.12.06	0.0	0	1	1
2019.12.05	50.0	1	1	2
2019.12.04	33.33	1	2	3
2019.12.03	50.0	1	1	2
2019.12.02	0.0	0	1	1
2019.11.28	100.0	1	0	1
2019.11.27	25.0	1	3	4
2019.11.25	0.0	0	1	1
2019.11.23	0.0	0	1	1
2019.11.22	25.0	1	3	4
2019.11.21	57.14	4	3	7
2019.11.20	25.0	1	3	4
2019.11.19	25.0	1	3	4
2019.11.17	20.0	1	4	5
2019.11.18	0.0	0	1	1
2019.11.16	50.0	1	1	2
2019.11.15	44.44	4	5	9
2019.11.14	50.0	3	3	6
2019.11.13	28.57	2	5	7
2019.11.12	33.33	2	4	6
2019.11.08	0.0	0	7	7
2019.11.07	20.0	1	4	5
2019.11.06	44.44	4	5	9
2019.11.05	33.33	3	6	9
2019.11.04	33.33	2	4	6
2019.11.02	100.0	1	0	1
2019.11.01	33.33	2	4	6
2019.10.31	20.0	1	4	5
2019.10.30	14.29	2	12	14
2019.10.29	25.0	1	3	4
2019.10.28	33.33	1	2	3
2019.10.27	100.0	1	0	1
2019.10.25	33.33	1	2	3
2019.10.24	0.0	0	3	3
2019.10.23	0.0	0	2	2
2019.10.22	42.86	9	12	21
2019.10.21	0.0	0	2	2
2019.10.20	50.0	1	1	2
2019.10.17	0.0	0	1	1
2019.10.16	50.0	1	1	2
2019.10.15	33.33	1	2	3
2019.10.13	100.0	1	0	1
2019.10.11	33.33	2	4	6
2019.10.10	33.33	2	4	6
2019.10.09	100.0	1	0	1
2019.10.08	0.0	0	3	3
2019.10.07	0.0	0	1	1
2019.10.02	0.0	0	2	2
2019.10.01	50.0	2	2	4
2019.09.30	0.0	0	1	1
2019.09.27	100.0	1	0	1
2019.09.26	0.0	0	1	1
2019.09.25	0.0	0	1	1
2019.09.23	50.0	1	1	2
2019.09.19	25.0	1	3	4
2019.09.18	25.0	1	3	4
2019.09.17	0.0	0	2	2
2019.09.16	100.0	1	0	1
2019.09.10	50.0	1	1	2
2019.09.11	0.0	0	1	1
2019.09.09	0.0	0	1	1
2019.09.05	100.0	1	0	1
2019.09.03	0.0	0	8	8
2019.09.02	15.38	2	11	13
2019.09.01	100.0	1	0	1
2019.08.30	0.0	0	2	2
2019.08.29	0.0	0	3	3
2019.08.28	0.0	0	1	1
2019.08.27	0.0	0	1	1
2019.08.25	0.0	0	2	2
2019.08.23	0.0	0	1	1
2019.08.22	100.0	1	0	1
2019.08.21	16.67	1	5	6
2019.08.20	0.0	0	3	3
2019.08.19	0.0	0	2	2
2019.08.18	0.0	0	2	2
2019.08.17	100.0	1	0	1
2019.08.16	0.0	0	3	3
2019.08.15	0.0	0	1	1
2019.08.14	25.0	1	3	4
2019.08.13	0.0	0	1	1
2019.08.12	0.0	0	3	3
2019.08.11	0.0	0	1	1
2019.08.09	12.5	1	7	8
2019.08.08	50.0	1	1	2
2019.08.07	0.0	0	2	2
2019.08.06	33.33	2	4	6
2019.08.05	0.0	0	7	7
2019.08.04	0.0	0	2	2
2019.08.03	0.0	0	1	1
2019.08.02	0.0	0	8	8
2019.08.01	50.0	1	1	2
2019.07.31	0.0	0	6	6
2019.07.30	40.0	2	3	5
2019.07.29	0.0	0	9	9
2019.07.28	33.33	1	2	3
2019.07.26	12.5	1	7	8
2019.07.25	0.0	0	9	9
2019.07.24	50.0	1	1	2
2019.07.23	0.0	0	4	4
2019.07.22	16.67	1	5	6
2019.07.20	50.0	1	1	2
2019.07.19	33.33	4	8	12
2019.07.18	40.0	2	3	5
2019.07.17	25.0	2	6	8
2019.07.16	100.0	1	0	1
2019.07.13	100.0	1	0	1
2019.07.12	0.0	0	1	1
2019.07.11	25.0	1	3	4
2019.07.10	40.0	2	3	5
2019.07.09	50.0	1	1	2
2019.07.08	0.0	0	2	2
2019.07.07	0.0	0	2	2
2019.07.05	16.67	1	5	6
2019.07.04	50.0	2	2	4
2019.07.03	33.33	2	4	6
2019.07.02	37.5	3	5	8
2019.07.01	0.0	0	1	1
2019.06.30	100.0	1	0	1
2019.06.28	28.57	2	5	7
2019.06.27	0.0	0	2	2
2019.06.26	0.0	0	3	3
2019.06.25	0.0	0	4	4
2019.06.24	33.33	1	2	3
2019.06.21	25.0	1	3	4
2019.06.20	0.0	0	5	5
2019.06.19	0.0	0	2	2
2019.06.18	33.33	4	8	12
2019.06.17	16.67	1	5	6
2019.06.16	0.0	0	2	2
2019.06.15	0.0	0	2	2
2019.06.14	0.0	0	4	4
2019.06.13	0.0	0	4	4
2019.06.12	0.0	0	1	1
2019.06.11	50.0	1	1	2
2019.06.10	20.0	1	4	5
2019.06.07	66.67	2	1	3
2019.06.06	0.0	0	1	1
2019.06.05	100.0	3	0	3
2019.06.04	0.0	0	2	2
2019.06.03	0.0	0	2	2
2019.05.31	0.0	0	1	1
2019.05.29	50.0	2	2	4
2019.05.28	60.0	3	2	5
2019.05.27	17.65	3	14	17
2019.05.26	66.67	2	1	3
2019.05.25	0.0	0	2	2
2019.05.24	0.0	0	1	1
2019.05.23	50.0	3	3	6
2019.05.22	9.09	1	10	11
2019.05.21	0.0	0	5	5
2019.05.20	50.0	2	2	4
2019.05.17	0.0	0	3	3
2019.05.16	66.67	2	1	3
2019.05.15	33.33	1	2	3
2019.05.14	33.33	1	2	3
2019.05.13	42.86	3	4	7
2019.05.12	0.0	0	2	2
2019.05.11	0.0	0	1	1
2019.05.10	23.08	6	20	26
2019.05.09	22.22	2	7	9
2019.05.08	16.67	1	5	6
2019.05.07	25.0	1	3	4
2019.05.06	66.67	2	1	3
2019.05.04	100.0	1	0	1
2019.05.03	25.0	2	6	8
2019.05.02	36.36	4	7	11
2019.05.01	16.67	1	5	6
2019.04.30	41.67	5	7	12
2019.04.29	25.0	3	9	12
2019.04.28	0.0	0	3	3
2019.04.27	25.0	2	6	8
2019.04.26	20.0	4	16	20
2019.04.25	33.33	15	30	45
2019.04.24	18.75	3	13	16
2019.04.23	0.0	0	5	5
2019.04.22	33.33	1	2	3
2019.04.19	14.29	1	6	7
2019.04.18	25.0	1	3	4
2019.04.17	16.67	1	5	6
2019.04.16	0.0	0	2	2
2019.04.15	40.0	4	6	10
2019.04.14	0.0	0	0	0
2019.04.12	20.0	1	4	5
2019.04.11	20.0	1	4	5
2019.04.10	33.33	4	8	12
2019.04.09	66.67	2	1	3
2019.04.08	35.71	5	9	14
2019.04.07	33.33	1	2	3
2019.04.05	33.33	1	2	3
2019.04.04	12.5	1	7	8
2019.04.03	33.33	3	6	9
2019.04.02	25.0	2	6	8
2019.04.01	50.0	2	2	4
2019.03.31	0.0	0	1	1
2019.03.30	0.0	0	2	2
2019.03.29	40.0	2	3	5
2019.03.28	41.67	5	7	12
2019.03.27	27.27	3	8	11
2019.03.26	30.0	3	7	10
2019.03.25	25.0	5	15	20
2019.03.24	50.0	1	1	2
2019.03.23	25.0	2	6	8
2019.03.22	7.69	1	12	13
2019.03.21	38.46	5	8	13
2019.03.20	40.0	6	9	15
2019.03.19	30.0	6	14	20
2019.03.18	25.0	3	9	12
2019.03.17	0.0	0	1	1
2019.03.16	14.29	1	6	7
2019.03.15	21.05	4	15	19
2019.03.14	31.25	15	33	48
2019.03.13	18.97	22	94	116
2019.03.12	30.77	4	9	13
2019.03.11	16.13	5	26	31
2019.03.10	45.45	5	6	11
2019.03.09	50.0	7	7	14
2019.03.08	47.06	8	9	17
2019.03.07	24.62	16	49	65
2019.03.06	29.41	5	12	17
2019.03.05	34.78	8	15	23
2019.03.04	34.04	16	31	47
2019.03.03	30.43	7	16	23
2019.03.02	28.57	2	5	7
2019.03.01	37.5	3	5	8
2019.02.28	40.0	8	12	20
2019.02.27	28.57	2	5	7
2019.02.26	26.67	4	11	15
2019.02.25	33.33	2	4	6
2019.02.22	33.33	1	2	3
2019.02.21	33.33	2	4	6
2019.02.20	50.0	2	2	4
2019.02.19	40.0	4	6	10
2019.02.18	16.67	1	5	6
2019.02.17	0.0	0	0	0
2019.02.16	0.0	0	2	2
2019.02.15	40.0	2	3	5
2019.02.14	16.67	1	5	6
2019.02.13	0.0	0	2	2
2019.02.12	33.33	3	6	9
2019.02.11	44.44	4	5	9
2019.02.09	0.0	0	2	2
2019.02.08	40.0	12	18	30
2019.02.07	40.0	2	3	5
2019.02.06	0.0	0	1	1
2019.02.05	100.0	1	0	1
2019.02.01	42.86	6	8	14
2019.01.31	33.33	4	8	12
2019.01.30	23.08	3	10	13
2019.01.29	44.44	8	10	18
2019.01.28	22.22	2	7	9
2019.01.27	16.67	1	5	6
2019.01.26	50.0	1	1	2
2019.01.25	10.0	1	9	10
2019.01.24	35.29	6	11	17
2019.01.23	33.33	3	6	9
2019.01.22	28.57	2	5	7
2019.01.21	22.22	2	7	9
2019.01.20	0.0	0	1	1
2019.01.19	0.0	0	1	1
2019.01.18	42.86	6	8	14
2019.01.17	29.17	7	17	24
2019.01.16	40.0	6	9	15
2019.01.15	14.29	2	12	14
2019.01.14	26.39	19	53	72
2019.01.13	44.44	4	5	9
2019.01.12	25.0	1	3	4
2019.01.11	18.75	6	26	32
2019.01.10	24.0	12	38	50
2019.01.09	40.0	6	9	15
2019.01.08	27.78	5	13	18
2019.01.07	0.0	0	3	3
2019.01.05	50.0	1	1	2
2019.01.04	11.11	1	8	9
2019.01.03	25.0	1	3	4
2019.01.02	0.0	0	5	5
2018.12.31	0.0	0	1	1
2018.12.28	37.5	3	5	8
2018.12.27	22.22	2	7	9
2018.12.26	22.22	2	7	9
2018.12.25	0.0	0	1	1
2018.12.24	22.22	2	7	9
2018.12.23	25.0	1	3	4
2018.12.22	66.67	2	1	3
2018.12.21	50.0	8	8	16
2018.12.20	40.0	6	9	15
2018.12.19	36.36	8	14	22
2018.12.18	50.0	11	11	22
2018.12.17	30.0	9	21	30
2018.12.16	28.57	6	15	21
2018.12.15	50.0	8	8	16
2018.12.14	27.71	23	60	83
2018.12.13	30.77	8	18	26
2018.12.12	38.46	5	8	13
2018.12.11	30.77	12	27	39
2018.12.10	37.5	3	5	8
2018.12.09	100.0	2	0	2
2018.12.08	0.0	0	3	3
2018.12.07	37.5	3	5	8
2018.12.06	0.0	0	4	4
2018.12.05	54.55	6	5	11
2018.12.04	33.33	2	4	6
2018.12.03	20.0	1	4	5
2018.12.02	0.0	0	0	0
2018.11.30	71.43	5	2	7
2018.11.29	0.0	0	3	3
2018.11.28	28.57	2	5	7
2018.11.27	20.0	1	4	5
2018.11.26	25.0	1	3	4
2018.11.25	0.0	0	1	1
2018.11.24	0.0	0	1	1
2018.11.23	50.0	2	2	4
2018.11.22	100.0	2	0	2
2018.11.21	66.67	2	1	3
2018.11.20	25.0	1	3	4
2018.11.19	25.0	1	3	4
2018.11.18	0.0	0	1	1
2018.11.17	0.0	0	1	1
2018.11.16	50.0	4	4	8
2018.11.15	26.32	5	14	19
2018.11.14	25.93	7	20	27
2018.11.13	46.15	6	7	13
2018.11.12	30.0	3	7	10
2018.11.10	0.0	0	4	4
2018.11.11	0.0	0	1	1
2018.11.09	30.0	3	7	10
2018.11.08	20.0	12	48	60
2018.11.07	12.88	17	115	132
2018.11.06	33.33	3	6	9
2018.11.05	37.5	3	5	8
2018.11.04	50.0	1	1	2
2018.11.03	33.33	1	2	3
2018.11.02	33.33	5	10	15
2018.11.01	26.56	17	47	64
2018.10.31	42.11	8	11	19
2018.10.30	42.86	9	12	21
2018.10.29	13.64	3	19	22
2018.10.28	33.33	1	2	3
2018.10.27	100.0	3	0	3
2018.10.26	44.44	4	5	9
2018.10.25	20.0	1	4	5
2018.10.24	57.14	4	3	7
2018.10.23	50.0	3	3	6
2018.10.22	14.29	1	6	7
2018.10.21	33.33	1	2	3
2018.10.20	0.0	0	1	1
2018.10.19	50.0	5	5	10
2018.10.18	42.86	3	4	7
2018.10.17	25.0	2	6	8
2018.10.16	41.18	7	10	17
2018.10.15	12.5	1	7	8
2018.10.14	0.0	0	1	1
2018.10.13	50.0	1	1	2
2018.10.12	80.0	4	1	5
2018.10.11	50.0	4	4	8
2018.10.10	21.43	3	11	14
2018.10.08	33.33	1	2	3
2018.10.06	0.0	0	2	2
2018.10.05	0.0	0	1	1
2018.10.04	50.0	2	2	4
2018.10.02	37.5	3	5	8
2018.10.01	0.0	0	2	2
2018.09.29	100.0	1	0	1
2018.09.28	50.0	2	2	4
2018.09.27	9.09	1	10	11
2018.09.26	100.0	1	0	1
2018.09.24	0.0	0	0	0
2018.09.22	0.0	0	1	1
2018.09.21	25.0	1	3	4
2018.09.20	100.0	1	0	1
2018.09.19	100.0	2	0	2
2018.09.18	50.0	1	1	2
2018.09.17	66.67	2	1	3
2018.09.16	0.0	0	1	1
2018.09.15	0.0	0	1	1
2018.09.14	33.33	4	8	12
2018.09.13	33.33	3	6	9
2018.09.12	33.33	1	2	3
2018.09.11	0.0	0	2	2
2018.09.10	0.0	0	3	3
2018.09.09	100.0	2	0	2
2018.09.08	0.0	0	1	1
2018.09.07	33.33	3	6	9
2018.09.06	33.33	2	4	6
2018.09.05	71.43	5	2	7
2018.09.04	0.0	0	4	4
2018.09.03	36.36	4	7	11
2018.09.02	100.0	1	0	1
2018.09.01	0.0	0	1	1
2018.08.31	77.78	7	2	9
2018.08.30	25.0	1	3	4
2018.08.29	33.33	1	2	3
2018.08.28	40.0	2	3	5
2018.08.27	0.0	0	1	1
2018.08.25	0.0	0	1	1
2018.08.24	66.67	2	1	3
2018.08.23	0.0	0	2	2
2018.08.22	50.0	3	3	6
2018.08.21	33.33	1	2	3
2018.08.20	50.0	1	1	2
2018.08.18	0.0	0	2	2
2018.08.17	0.0	0	6	6
2018.08.16	25.0	1	3	4
2018.08.15	25.0	1	3	4
2018.08.14	50.0	3	3	6
2018.08.13	30.77	4	9	13
2018.08.12	0.0	0	1	1
2018.08.11	0.0	0	1	1
2018.08.10	41.67	5	7	12
2018.08.09	0.0	0	8	8
2018.08.08	31.71	13	28	41
2018.08.07	25.0	1	3	4
2018.08.06	0.0	0	5	5
2018.08.03	50.0	2	2	4
2018.08.02	28.57	2	5	7
2018.08.01	0.0	0	3	3
2018.07.31	12.5	1	7	8
2018.07.30	38.1	8	13	21
2018.07.29	50.0	1	1	2
2018.07.28	100.0	3	0	3
2018.07.27	18.03	11	50	61
2018.07.26	100.0	1	0	1
2018.07.25	66.67	2	1	3
2018.07.24	33.33	1	2	3
2018.07.23	100.0	1	0	1
2018.07.22	0.0	0	1	1
2018.07.21	100.0	1	0	1
2018.07.20	25.0	1	3	4
2018.07.19	25.0	1	3	4
2018.07.18	40.0	2	3	5
2018.07.17	0.0	0	0	0
2018.07.16	0.0	0	5	5
2018.07.15	100.0	1	0	1
2018.07.13	0.0	0	2	2
2018.07.12	25.0	1	3	4
2018.07.11	100.0	1	0	1
2018.07.10	50.0	2	2	4
2018.07.09	33.33	1	2	3
2018.07.06	66.67	2	1	3
2018.07.05	33.33	2	4	6
2018.07.04	0.0	0	0	0
2018.07.03	50.0	2	2	4
2018.07.02	33.33	1	2	3
2018.06.30	0.0	0	2	2
2018.06.29	75.0	3	1	4
2018.06.28	0.0	0	1	1
2018.06.27	100.0	4	0	4
2018.06.26	33.33	1	2	3
2018.06.25	33.33	1	2	3
2018.06.23	33.33	1	2	3
2018.06.22	33.33	2	4	6
2018.06.21	37.5	3	5	8
2018.06.20	50.0	4	4	8
2018.06.19	20.0	2	8	10
2018.06.18	44.44	4	5	9
2018.06.17	0.0	0	2	2
2018.06.16	60.0	3	2	5
2018.06.15	33.33	2	4	6
2018.06.14	35.71	5	9	14
2018.06.13	0.0	0	1	1
2018.06.12	0.0	0	5	5
2018.06.11	66.67	4	2	6
2018.06.10	100.0	1	0	1
2018.06.08	80.0	4	1	5
2018.06.07	60.0	3	2	5
2018.06.06	100.0	1	0	1
2018.06.05	0.0	0	0	0
2018.06.04	0.0	0	1	1
2018.06.02	0.0	0	1	1
2018.06.01	100.0	1	0	1
2018.05.31	100.0	5	0	5
2018.05.30	0.0	0	1	1
2018.05.29	60.0	3	2	5
2018.05.28	22.22	2	7	9
2018.05.27	0.0	0	2	2
2018.05.25	66.67	4	2	6
2018.05.24	42.86	3	4	7
2018.05.23	100.0	1	0	1
2018.05.21	16.67	1	5	6
2018.05.18	0.0	0	0	0
2018.05.17	100.0	1	0	1
2018.05.16	25.0	1	3	4
2018.05.15	100.0	1	0	1
2018.05.14	50.0	1	1	2
2018.05.12	0.0	0	1	1
2018.05.11	22.22	2	7	9
2018.05.10	23.53	4	13	17
2018.05.09	42.86	3	4	7
2018.05.08	0.0	0	3	3
2018.05.05	100.0	1	0	1
2018.05.04	0.0	0	7	7
2018.05.03	50.0	1	1	2
2018.05.02	20.0	2	8	10
2018.05.01	66.67	2	1	3
2018.04.30	0.0	0	8	8
2018.04.29	0.0	0	2	2
2018.04.28	0.0	0	2	2
2018.04.27	0.0	0	3	3
2018.04.26	28.57	4	10	14
2018.04.25	0.0	0	5	5
2018.04.24	0.0	0	5	5
2018.04.23	0.0	0	2	2
2018.04.22	0.0	0	2	2
2018.04.20	33.33	1	2	3
2018.04.19	100.0	1	0	1
2018.04.18	25.0	2	6	8
2018.04.17	100.0	1	0	1
2018.04.16	66.67	2	1	3
2018.04.15	0.0	0	1	1
2018.04.14	0.0	0	2	2
2018.04.13	25.0	1	3	4
2018.04.12	41.18	7	10	17
2018.04.11	60.0	6	4	10
2018.04.10	33.33	2	4	6
2018.04.09	40.0	2	3	5
2018.04.08	0.0	0	1	1
2018.04.07	0.0	0	4	4
2018.04.06	0.0	0	1	1
2018.04.05	16.67	1	5	6
2018.04.04	25.0	1	3	4
2018.04.03	33.33	3	6	9
2018.04.02	0.0	0	12	12
2018.04.01	25.0	1	3	4
2018.03.31	20.0	1	4	5
2018.03.30	25.0	2	6	8
2018.03.29	25.0	1	3	4
2018.03.28	50.0	1	1	2
2018.03.27	33.33	1	2	3
2018.03.26	40.0	2	3	5
2018.03.25	0.0	0	3	3
2018.03.24	0.0	0	3	3
2018.03.23	0.0	0	5	5
2018.03.22	33.33	2	4	6
2018.03.21	20.0	1	4	5
2018.03.20	44.44	4	5	9
2018.03.19	83.33	5	1	6
2018.03.17	0.0	0	1	1
2018.03.16	37.5	3	5	8
2018.03.15	0.0	0	0	0
2018.03.14	0.0	0	4	4
2018.03.13	33.33	1	2	3
2018.03.12	0.0	0	6	6
2018.03.09	69.23	9	4	13
2018.03.08	60.0	6	4	10
2018.03.07	0.0	0	2	2
2018.03.06	0.0	0	3	3
2018.03.05	25.0	1	3	4
2018.03.03	50.0	1	1	2
2018.03.02	57.14	4	3	7
2018.03.01	0.0	0	2	2
2018.02.28	0.0	0	4	4
2018.02.27	0.0	0	3	3
2018.02.26	14.29	1	6	7
2018.02.24	100.0	1	0	1
2018.02.23	33.33	1	2	3
2018.02.22	0.0	0	1	1
2018.02.21	20.0	1	4	5
2018.02.20	100.0	1	0	1
2018.02.18	0.0	0	1	1
2018.02.17	0.0	0	1	1
2018.02.16	100.0	1	0	1
2018.02.14	33.33	2	4	6
2018.02.13	33.33	3	6	9
2018.02.12	11.11	1	8	9
2018.02.10	33.33	1	2	3
2018.02.09	16.67	2	10	12
2018.02.08	30.77	4	9	13
2018.02.07	50.0	4	4	8
2018.02.06	31.82	7	15	22
2018.02.05	38.46	5	8	13
2018.02.02	30.77	4	9	13
2018.02.01	25.0	1	3	4
2018.01.31	20.0	1	4	5
2018.01.30	22.22	2	7	9
2018.01.29	0.0	0	3	3
2018.01.26	28.0	7	18	25
2018.01.25	25.0	2	6	8
2018.01.24	40.0	2	3	5
2018.01.23	37.5	3	5	8
2018.01.22	22.22	2	7	9
2018.01.20	100.0	1	0	1
2018.01.19	35.71	5	9	14
2018.01.18	36.11	13	23	36
2018.01.17	66.67	2	1	3
2018.01.16	66.67	2	1	3
2018.01.15	0.0	0	1	1
2018.01.14	0.0	0	1	1
2018.01.12	0.0	0	5	5
2018.01.11	33.33	1	2	3
2018.01.10	100.0	1	0	1
2018.01.08	40.0	2	3	5
2018.01.07	0.0	0	1	1
2018.01.05	0.0	0	3	3
2018.01.04	14.29	1	6	7
2018.01.03	16.67	1	5	6
2018.01.02	33.33	1	2	3
2018.01.01	100.0	1	0	1
2017.12.29	100.0	1	0	1
2017.12.28	0.0	0	2	2
2017.12.27	14.29	1	6	7
2017.12.26	50.0	1	1	2
2017.12.23	0.0	0	0	0
2017.12.22	44.44	4	5	9
2017.12.21	33.33	1	2	3
2017.12.20	0.0	0	2	2
2017.12.19	0.0	0	2	2
2017.12.18	50.0	1	1	2
2017.12.17	0.0	0	1	1
2017.12.15	42.86	3	4	7
2017.12.14	18.18	2	9	11
2017.12.13	0.0	0	8	8
2017.12.12	33.33	2	4	6
2017.12.11	50.0	2	2	4
2017.12.09	0.0	0	1	1
2017.12.08	25.0	1	3	4
2017.12.07	100.0	1	0	1
2017.12.06	0.0	0	2	2
2017.12.05	0.0	0	4	4
2017.12.04	50.0	1	1	2
2017.12.02	66.67	2	1	3
2017.12.01	20.0	1	4	5
2017.11.30	12.5	1	7	8
2017.11.29	12.5	1	7	8
2017.11.28	66.67	4	2	6
2017.11.27	12.5	2	14	16
2017.11.26	100.0	1	0	1
2017.11.25	0.0	0	1	1
2017.11.24	50.0	2	2	4
2017.11.23	16.67	1	5	6
2017.11.22	0.0	0	1	1
2017.11.21	16.67	1	5	6
2017.11.20	0.0	0	2	2
2017.11.19	50.0	1	1	2
2017.11.18	0.0	0	1	1
2017.11.17	33.33	1	2	3
2017.11.16	50.0	1	1	2
2017.11.15	0.0	0	4	4
2017.11.14	25.0	1	3	4
2017.11.13	29.41	5	12	17
2017.11.12	0.0	0	1	1
2017.11.11	0.0	0	1	1
2017.11.10	10.0	1	9	10
2017.11.09	32.08	17	36	53
2017.11.08	22.86	8	27	35
2017.11.07	14.29	9	54	63
2017.11.06	42.86	3	4	7
2017.11.04	100.0	1	0	1
2017.11.03	0.0	0	7	7
2017.11.02	50.0	2	2	4
2017.11.01	0.0	0	4	4
2017.10.31	0.0	0	3	3
2017.10.30	0.0	0	1	1
2017.10.29	50.0	1	1	2
2017.10.28	0.0	0	2	2
2017.10.27	0.0	0	4	4
2017.10.26	11.11	1	8	9
2017.10.25	50.0	1	1	2
2017.10.24	16.67	1	5	6
2017.10.23	0.0	0	6	6
2017.10.22	100.0	1	0	1
2017.10.20	25.0	1	3	4
2017.10.19	14.29	1	6	7
2017.10.18	40.0	2	3	5
2017.10.17	0.0	0	4	4
2017.10.16	100.0	2	0	2
2017.10.15	100.0	1	0	1
2017.10.12	33.33	2	4	6
2017.10.11	75.0	3	1	4
2017.10.10	40.0	2	3	5
2017.10.09	50.0	2	2	4
2017.10.06	33.33	1	2	3
2017.10.05	60.0	3	2	5
2017.10.04	66.67	2	1	3
2017.10.03	66.67	2	1	3
2017.10.02	0.0	0	1	1
2017.09.29	66.67	4	2	6
2017.09.28	0.0	0	4	4
2017.09.27	100.0	1	0	1
2017.09.26	100.0	1	0	1
2017.09.25	6.25	1	15	16
2017.09.24	0.0	0	3	3
2017.09.23	0.0	0	2	2
2017.09.22	16.67	2	10	12
2017.09.21	0.0	0	3	3
2017.09.20	33.33	3	6	9
2017.09.19	28.57	2	5	7
2017.09.18	28.57	2	5	7
2017.09.16	100.0	2	0	2
2017.09.15	18.18	2	9	11
2017.09.14	0.0	0	7	7
2017.09.13	25.0	1	3	4
2017.09.12	33.33	1	2	3
2017.09.11	66.67	2	1	3
2017.09.08	40.0	4	6	10
2017.09.07	50.0	1	1	2
2017.09.06	66.67	2	1	3
2017.09.05	40.0	2	3	5
2017.09.04	50.0	2	2	4
2017.09.02	0.0	0	3	3
2017.09.01	20.0	1	4	5
2017.08.31	50.0	2	2	4
2017.08.30	25.0	1	3	4
2017.08.29	20.0	1	4	5
2017.08.28	0.0	0	4	4
2017.08.25	0.0	0	0	0
2017.08.24	20.0	1	4	5
2017.08.23	100.0	1	0	1
2017.08.22	0.0	0	2	2
2017.08.18	50.0	1	1	2
2017.08.21	0.0	0	1	1
2017.08.17	50.0	1	1	2
2017.08.16	0.0	0	2	2
2017.08.15	0.0	0	1	1
2017.08.14	50.0	1	1	2
2017.08.13	0.0	0	0	0
2017.08.12	0.0	0	1	1
2017.08.11	25.0	1	3	4
2017.08.10	20.0	1	4	5
2017.08.09	0.0	0	1	1
2017.08.08	55.56	5	4	9
2017.08.07	16.67	1	5	6
2017.08.06	0.0	0	0	0
2017.08.04	0.0	0	4	4
2017.08.03	0.0	0	2	2
2017.08.02	50.0	1	1	2
2017.08.01	0.0	0	1	1
2017.07.31	20.0	1	4	5
2017.07.29	0.0	0	1	1
2017.07.28	0.0	0	5	5
2017.07.27	0.0	0	2	2
2017.07.26	0.0	0	1	1
2017.07.25	0.0	0	6	6
2017.07.24	22.22	6	21	27
2017.07.23	66.67	2	1	3
2017.07.21	100.0	3	0	3
2017.07.20	28.57	2	5	7
2017.07.19	0.0	0	7	7
2017.07.18	0.0	0	11	11
2017.07.17	0.0	0	1	1
2017.07.16	0.0	0	0	0
2017.07.15	100.0	1	0	1
2017.07.14	0.0	0	5	5
2017.07.13	20.0	1	4	5
2017.07.12	41.67	5	7	12
2017.07.11	30.0	3	7	10
2017.07.10	14.29	1	6	7
2017.07.09	33.33	1	2	3
2017.07.08	0.0	0	1	1
2017.07.07	57.14	4	3	7
2017.07.06	0.0	0	3	3
2017.07.05	33.33	2	4	6
2017.07.04	40.0	2	3	5
2017.07.03	0.0	0	4	4
2017.07.02	0.0	0	1	1
2017.07.01	0.0	0	1	1
2017.06.30	14.29	1	6	7
2017.06.29	17.39	4	19	23
2017.06.28	23.81	5	16	21
2017.06.27	11.11	2	16	18
2017.06.26	22.22	4	14	18
2017.06.25	0.0	0	0	0
2017.06.24	0.0	0	1	1
2017.06.23	11.11	1	8	9
2017.06.22	42.86	3	4	7
2017.06.21	50.0	4	4	8
2017.06.20	25.0	2	6	8
2017.06.19	0.0	0	1	1
2017.06.18	33.33	1	2	3
2017.06.17	0.0	0	1	1
2017.06.16	40.0	2	3	5
2017.06.15	11.11	1	8	9
2017.06.14	33.33	3	6	9
2017.06.13	80.0	4	1	5
2017.06.12	28.57	2	5	7
2017.06.10	100.0	1	0	1
2017.06.09	20.0	1	4	5
2017.06.08	33.33	1	2	3
