id	ratio	positive	negetive	num	라벨링	등락률
20100107	25.0	1	3	4	1	3.7274182483420986
20100111	80.0	4	1	5	1	2.687764990914597
20100113	25.0	1	3	4	1	3.963188362772748
20100115	50.0	1	1	2	1	6.4352856109906
20100126	62.5	5	3	8	1	3.955350643047804
20100129	0.0	0	5	5	1	3.130511463844797
20100202	90.0	9	1	10	1	3.819414642519957
20100210	60.0	3	2	5	1	4.6275395033860045
20100211	57.14	4	3	7	1	14.762260393328354
20100217	80.0	8	2	10	1	3.86117136659436
20100219	40.0	2	3	5	1	3.0490128820794267
20100226	33.33	1	2	3	1	6.550004088641753
20100308	100.0	3	0	3	1	3.0184123151222457
20100311	50.0	1	1	2	1	3.0184123151222457
20100317	83.33	5	1	6	1	4.376135675348274
20100322	66.67	2	1	3	1	2.9109962884797316
20100331	33.33	1	2	3	1	4.950337703615415
20100408	100.0	4	0	4	1	4.4512899499422405
20100423	90.0	9	1	10	1	5.609910052075113
20100427	50.0	1	1	2	1	7.892595606183889
20100429	40.0	4	6	10	1	5.775408379468253
20100430	66.67	2	1	3	1	2.8689583871801503
20100506	33.33	1	2	3	1	7.600762706292327
20100507	70.0	7	3	10	1	3.263061411549037
20100512	0.0	0	1	1	1	4.871134020618557
20100513	50.0	1	1	2	1	2.7340869992627184
20100518	80.0	4	1	5	1	5.933172405031128
20100528	80.0	8	2	10	1	4.53125
20100607	100.0	4	0	4	1	5.8287921638959785
20100616	85.71	6	1	7	1	3.9746939898225833
20100806	50.0	1	1	2	1	5.312330255296035
20100812	100.0	3	0	3	1	4.754256344362351
20100818	33.33	1	2	3	1	7.086029489763446
20100827	66.67	2	1	3	1	4.222972972972973
20100902	50.0	1	1	2	1	3.0945273631840795
20100907	50.0	1	1	2	1	2.854520422212024
20100908	80.0	4	1	5	1	5.559521684811708
20100914	100.0	1	0	1	1	3.6361987667754807
20100928	100.0	3	0	3	1	2.988660388237556
20101005	100.0	1	0	1	1	2.9138948749180176
20101012	100.0	1	0	1	1	14.346712211784794
20101014	66.67	2	1	3	1	3.3313900224868824
20101015	50.0	2	2	4	1	4.304021923107923
20101026	42.86	3	4	7	1	8.071642733154489
20101102	100.0	3	0	3	1	5.445923206363777
20101103	40.0	2	3	5	1	4.192659219498041
20101115	50.0	3	3	6	1	2.8714713257300013
20101117	100.0	9	0	9	1	6.456032884661885
20101203	100.0	1	0	1	1	6.391072787217853
20101210	100.0	2	0	2	1	5.598364522723698
20101227	0.0	0	0	0	1	3.2023027795268506
20101228	83.33	5	1	6	1	4.262180772247887
20110105	33.33	1	2	3	1	2.669298772637542
20110107	100.0	1	0	1	1	3.402919212491513
20110113	62.5	5	3	8	1	7.295855560114896
20110117	42.86	3	4	7	1	4.169594752869524
20110217	100.0	2	0	2	1	4.8
20110224	66.67	2	1	3	1	3.9437243824083295
20110308	66.67	2	1	3	1	7.367875647668394
20110309	57.14	4	3	7	1	9.448894894315222
20110318	100.0	1	0	1	1	4.6980574324324325
20110323	100.0	2	0	2	1	3.1360290410406373
20110329	100.0	2	0	2	1	3.9800995024875614
20110414	100.0	5	0	5	1	5.1985981308411215
20110506	28.57	2	5	7	1	3.4907138062206307
20110525	33.33	1	2	3	1	2.943121693121693
20110530	50.0	1	1	2	1	2.8455717787488015
20110608	75.0	3	1	4	1	3.2227979274611402
20110617	100.0	5	0	5	1	4.61139896373057
20110622	75.0	3	1	4	1	5.360907539403675
20110623	0.0	0	3	3	1	2.5440686040971894
20110701	50.0	3	3	6	1	4.601053820097857
20110715	90.91	10	1	11	1	2.7641987378899646
20110718	70.0	7	3	10	1	2.6898460473966437
20110726	75.0	3	1	4	1	8.747327917913639
20110809	16.67	1	5	6	1	14.491382934005886
20110811	62.5	5	3	8	1	14.806152739048304
20110812	77.78	7	2	9	1	8.015356891013083
20110817	100.0	5	0	5	1	3.976172747580045
20110822	80.0	4	1	5	1	9.544245129173461
20110823	100.0	1	0	1	1	8.015356891013083
20110826	60.0	3	2	5	1	3.565692258271764
20110830	88.89	8	1	9	1	5.067233913241663
20110901	71.43	5	2	7	1	13.484725201568162
20110902	80.95	17	4	21	1	4.060748272715422
20110906	33.33	3	6	9	1	15.0
20110915	55.56	5	4	9	1	5.220238462964106
20110919	40.0	4	6	10	1	14.90837620671715
20110920	86.67	13	2	15	1	9.175973437971626
20110921	42.86	6	8	14	1	12.293797806653767
20110926	50.0	6	6	12	1	7.611458740711771
20110928	87.5	7	1	8	1	2.563533951301725
20110929	53.85	7	6	13	1	6.343783783783784
20111007	71.43	5	2	7	1	12.285548124454785
20111011	55.56	5	4	9	1	3.5622050048980323
20111012	83.33	5	1	6	1	2.8678304239401498
20111013	83.33	5	1	6	1	3.719958202716824
20111020	0.0	0	2	2	1	3.2504944535213687
20111024	90.0	9	1	10	1	14.965121050471893
20111116	25.0	1	3	4	1	3.776146633289491
20111128	50.0	2	2	4	1	9.833195097226064
20111215	100.0	5	0	5	1	7.127465605834576
20111220	50.0	2	2	4	1	5.587580617544661
20111221	80.0	8	2	10	1	7.210810810810813
20111228	100.0	6	0	6	1	7.316404321834037
20111229	66.67	4	2	6	1	8.407011805591045
20120109	0.0	0	3	3	1	2.5121136566778004
20120113	50.0	3	3	6	1	7.114471261025492
20120130	50.0	4	4	8	1	5.073054152408886
20120208	33.33	1	2	3	1	3.40240169531434
20120213	16.67	1	5	6	1	5.595926074269039
20120220	66.67	4	2	6	1	3.577179664136186
20120223	0.0	0	3	3	1	2.9013883944464225
20120312	33.33	2	4	6	1	2.8861476716047925
20120315	80.0	4	1	5	1	6.126663607159247
20120402	78.57	11	3	14	1	7.445726930207522
20120405	62.5	5	3	8	1	12.101307769690516
20120409	66.67	8	4	12	1	3.0086929363385564
20120412	75.0	6	2	8	1	4.850436227669298
20120416	57.14	8	6	14	1	4.887067759344394
20120417	100.0	4	0	4	1	7.417818008575512
20120420	33.33	4	8	12	1	2.5579854208084822
20120430	75.0	3	1	4	1	6.770756616094662
20120503	41.67	5	7	12	1	4.421720399564457
20120507	57.14	4	3	7	1	4.147422439934687
20120508	100.0	5	0	5	1	3.3864898763662428
20120510	66.67	6	3	9	1	3.675351224392154
20120511	10.0	1	9	10	1	8.210270179560329
20120514	60.0	15	10	25	1	2.5859729383941383
20120518	57.14	4	3	7	1	2.9069054335827302
20120521	81.82	9	2	11	1	9.896702423520065
20120529	26.32	5	14	19	1	5.890369473046638
20120604	62.5	10	6	16	1	8.145028383080021
20120607	66.67	8	4	12	1	3.7489043220281832
20120611	33.33	3	6	9	1	6.075909163093537
20120613	71.43	20	8	28	1	4.450200141276195
20120614	35.71	5	9	14	1	4.133791704238051
20120620	54.55	6	5	11	1	6.953604730498067
20120621	83.33	10	2	12	1	6.384562224230503
20120702	55.56	5	4	9	1	9.291585342386671
20120718	57.14	4	3	7	1	12.499268021315222
20120723	37.5	3	5	8	1	4.680144004430908
20120731	33.33	2	4	6	1	5.549829110833831
20120803	56.25	9	7	16	1	8.846225239320093
20120808	40.0	4	6	10	1	6.372025254978143
20120816	35.71	5	9	14	1	3.420795078529151
20120820	25.0	2	6	8	1	2.5107912043210017
20120821	45.45	5	6	11	1	2.943121693121693
20120823	72.73	8	3	11	1	4.2837402118839245
20120827	53.33	8	7	15	1	6.6787859626936426
20120828	59.09	13	9	22	1	6.590353411869304
20120906	68.18	15	7	22	1	5.80199539524175
20120910	72.73	8	3	11	1	8.146844355041488
20120917	23.81	5	16	21	1	5.436393272579092
20120918	73.91	17	6	23	1	2.812571368339687
20120920	81.82	9	2	11	1	3.443690774746268
20121002	45.45	5	6	11	1	7.96997311782508
20121011	50.0	10	10	20	1	2.6724437838008788
20121016	31.25	5	11	16	1	2.5825496427015957
20121019	22.22	4	14	18	1	3.1252744936141807
20121029	50.0	5	5	10	1	3.1781213692018944
20121102	90.91	10	1	11	1	2.5259781482842727
20121109	90.62	29	3	32	1	7.715797692374425
20121116	36.0	9	16	25	1	2.6099556142474603
20121119	73.08	19	7	26	1	11.604254178210745
20121203	33.33	3	6	9	1	5.935048127477149
20121206	13.64	3	19	22	1	3.218568292035612
20121221	37.5	9	15	24	1	10.723090677575787
20121226	40.0	4	6	10	1	8.315701422034149
20130103	50.0	5	5	10	1	4.959912709331562
20130122	61.54	8	5	13	1	2.7816298229871936
20130204	41.94	13	18	31	1	3.042831647828673
20130207	38.1	8	13	21	1	2.941546989166037
20130208	55.56	5	4	9	1	3.402068163739828
20130213	72.73	8	3	11	1	8.814131013669448
20130214	72.0	18	7	25	1	2.7816298229871936
20130218	58.33	7	5	12	1	6.724435806068459
20130221	88.89	8	1	9	1	3.5162717141515727
20130225	88.89	8	1	9	1	3.0095164484807486
20130226	62.5	10	6	16	1	2.7105608703807915
20130304	55.56	5	4	9	1	10.081895155693331
20130311	46.67	7	8	15	1	3.9296679993815022
20130320	33.33	1	2	3	1	3.6000989408828223
20130401	100.0	2	0	2	1	6.923243243243244
20130408	40.0	8	12	20	1	2.7956889126841875
20130410	66.67	4	2	6	1	5.7520818678949865
20130411	63.64	7	4	11	1	4.578809595331073
20130415	84.62	11	2	13	1	3.074107959743824
20130416	52.94	9	8	17	1	3.1579777896127967
20130423	50.0	5	5	10	1	4.205463402602208
20130425	72.73	8	3	11	1	3.738651647612644
20130503	43.75	7	9	16	1	3.910866525328162
20130507	63.64	14	8	22	1	6.311260921630372
20130516	70.0	7	3	10	1	6.101852466635681
20130617	63.64	7	4	11	1	3.2076719576719577
20130625	16.67	2	10	12	1	8.887461184280971
20130628	77.78	7	2	9	1	4.348998718899602
20130710	22.22	2	7	9	1	5.625248544882687
20130715	83.33	5	1	6	1	4.855660956800655
20130723	60.0	3	2	5	1	4.60079324021383
20130726	77.78	7	2	9	1	6.313356447086017
20130801	62.5	10	6	16	1	2.5297666045542115
20130823	45.45	5	6	11	1	2.828764402065952
20130910	50.0	2	2	4	1	3.619308690624063
20130911	42.86	3	4	7	1	4.7784391534391535
20130925	50.0	3	3	6	1	4.683764839350109
20130926	62.5	5	3	8	1	4.648372489066069
20131017	47.37	9	10	19	1	7.822657998507942
20131023	75.0	6	2	8	1	3.1201482446035964
20131112	42.86	9	12	21	1	7.176604270079541
20131115	61.54	8	5	13	1	4.269609018949389
20131119	60.0	6	4	10	1	4.777810915597971
20131121	80.0	4	1	5	1	5.757004944666822
20131122	75.0	12	4	16	1	10.397417343871759
20131127	70.0	7	3	10	1	2.587961616749055
20131209	58.33	7	5	12	1	3.230162027420025
20131211	44.44	8	10	18	1	3.5215453194650816
20131212	50.0	4	4	8	1	2.5549016793454857
20131217	58.82	10	7	17	1	7.964777871747675
20131220	64.29	9	5	14	1	3.229909598873393
20131226	70.0	7	3	10	1	3.8936503548060086
20140114	100.0	6	0	6	1	6.107087061496947
20140121	85.71	6	1	7	1	2.7295870262115782
20140128	92.86	13	1	14	1	3.8031995170540296
20140204	72.73	8	3	11	1	3.0588697402661165
20140207	50.0	6	6	12	1	5.326748813348036
20140212	36.36	12	21	33	1	14.909025884035945
20140224	50.0	5	5	10	1	3.4706226820222525
20140305	75.0	3	1	4	1	6.6173216943561695
20140312	57.14	4	3	7	1	2.862292408702742
20140318	45.45	5	6	11	1	2.9138948749180176
20140321	50.0	5	5	10	1	2.9818051768071885
20140327	50.0	5	5	10	1	4.23448338395974
20140328	73.33	11	4	15	1	8.320647209777741
20140401	62.5	10	6	16	1	14.984721460471675
20140402	63.16	12	7	19	1	14.997785424687404
20140403	60.0	18	12	30	1	3.4278434509525084
20140411	46.15	6	7	13	1	8.902168555938886
20140417	60.0	6	4	10	1	2.974960495928042
20140512	68.75	11	5	16	1	8.641228181934006
20140513	52.63	20	18	38	1	2.6092820076812573
20140520	66.67	6	3	9	1	3.530442880227876
20140526	68.75	11	5	16	1	7.0551224182738315
20140605	75.0	12	4	16	1	6.0903681078519165
20140610	77.78	14	4	18	1	5.93977659057795
20140616	68.42	13	6	19	1	4.183744316782009
20140619	61.9	13	8	21	1	3.807688189313631
20140620	71.43	10	4	14	1	4.037299114971221
20140624	92.31	12	1	13	1	3.298783939411684
20140626	56.25	9	7	16	1	7.6784343821949355
20140627	71.43	10	4	14	1	3.169879904493781
20140701	36.36	4	7	11	1	13.030220435419574
20140703	62.5	20	12	32	1	5.820939916716241
20140704	71.43	15	6	21	1	14.999859459763329
20140724	38.46	5	8	13	1	6.957904300423985
20140729	43.75	7	9	16	1	6.41353098610483
20140801	52.0	13	12	25	1	11.052725013314397
20140805	61.54	16	10	26	1	14.418541411732711
20140807	52.63	20	18	38	1	6.193540001299797
20140813	65.38	17	9	26	1	4.354652193363777
20140814	80.65	25	6	31	1	6.762921620965785
20140825	63.33	19	11	30	1	2.846919598526069
20140829	42.86	15	20	35	1	3.4203629663419823
20140902	40.91	9	13	22	1	3.61696899861896
20140915	52.38	11	10	21	1	14.864124632110595
20140922	52.17	12	11	23	1	4.727055668214823
20140924	63.16	12	7	19	1	9.348843365801622
20140929	54.17	13	11	24	1	11.862993838347228
20141007	31.58	6	13	19	1	5.378324977675276
20141014	64.29	18	10	28	1	2.8063411923691666
20141015	50.0	12	12	24	1	4.154322470440653
20141020	96.3	26	1	27	1	2.5644803772086053
20141027	70.37	19	8	27	1	3.4786806310875384
20141107	54.17	13	11	24	1	5.0861806488983285
20141117	42.5	17	23	40	1	3.1010319341793333
20141118	57.69	15	11	26	1	5.263157894736842
20141120	48.28	14	15	29	1	6.816688844346375
20141121	74.19	23	8	31	1	3.1561435599848617
20141202	64.0	16	9	25	1	7.2471521696187535
20141216	25.0	8	24	32	1	15.000327927218894
20141223	44.0	11	14	25	1	3.243998114264875
20141226	68.18	15	7	22	1	7.510310011376562
20141230	64.71	11	6	17	1	6.9376104615946295
20150105	72.73	16	6	22	1	4.247012074913751
20150106	41.38	12	17	29	1	3.2850462802225
20150108	77.27	17	5	22	1	3.14455624774606
20150113	40.0	10	15	25	1	2.6457808651371324
20150120	76.47	13	4	17	1	5.8686899969030675
20150122	40.0	8	12	20	1	13.859374589064512
20150127	47.22	17	19	36	1	3.203281410225109
20150202	47.06	16	18	34	1	2.5524879114022774
20150209	51.16	22	21	43	1	3.254804512678263
20150216	62.96	17	10	27	1	5.886329512058009
20150217	56.0	14	11	25	1	2.51073581494748
20150226	21.43	3	11	14	1	7.185872672093638
20150302	85.71	18	3	21	1	2.9859443983455063
20150305	72.41	21	8	29	1	2.6156485509466334
20150311	46.88	15	17	32	1	4.312408706034948
20150324	33.33	5	10	15	1	6.277444299393491
20150402	73.08	19	7	26	1	4.0299023523660775
20150420	59.09	13	9	22	1	2.7573378213361512
20150424	61.11	11	7	18	1	5.8178497158337095
20150506	50.0	11	11	22	1	5.902839382051638
20150528	61.54	8	5	13	1	5.81325514025295
20150529	70.0	14	6	20	1	2.8946797322337776
20150602	53.85	14	12	26	1	4.293406346485132
20150616	55.56	5	4	9	1	7.392081508624543
20150618	57.14	8	6	14	1	6.520052849166772
20150630	72.73	8	3	11	1	9.047640190027973
20150701	56.25	9	7	16	1	3.4070551447835578
20150706	54.55	6	5	11	1	6.914986926848828
20150709	52.17	12	11	23	1	5.654308710649802
20150710	70.59	12	5	17	1	5.083312499080842
20150715	68.75	11	5	16	1	5.088722458746386
20150723	73.33	11	4	15	1	2.8980427457321984
20150807	41.67	5	7	12	1	5.479452054794519
20150811	50.0	3	3	6	1	3.150912106135987
20150824	33.33	6	12	18	1	4.104104104104104
20150825	56.25	9	7	16	1	5.5769230769230775
20150917	50.0	8	8	16	1	7.1080817916260965
20150923	33.33	5	10	15	1	3.4703196347031966
20151013	47.83	11	12	23	1	4.036697247706424
20151023	85.71	12	2	14	1	9.82824427480916
20151105	41.67	5	7	12	1	4.5178105994787146
20151116	21.43	3	11	14	1	3.075396825396825
20151125	54.17	13	11	24	1	9.661835748792267
20151130	33.33	2	4	6	1	4.504504504504505
20151204	63.64	7	4	11	1	4.477611940298506
20151216	86.67	13	2	15	1	3.333333333333333
20151228	40.0	8	12	20	1	3.800904977375565
20151229	86.67	13	2	15	1	3.3129904097646032
20160108	35.71	5	9	14	1	3.53045013239188
20160115	70.83	17	7	24	1	7.796610169491526
20160120	60.0	9	6	15	1	4.552469135802468
20160121	24.0	6	19	25	1	7.084870848708488
20160309	75.0	9	3	12	1	3.8135593220338975
20160321	40.0	6	9	15	1	6.276505513146735
20160401	41.67	5	7	12	1	3.2
20160503	53.85	7	6	13	1	3.456402199528672
20160608	30.77	4	9	13	1	4.250559284116331
20160624	50.0	7	7	14	1	2.7027027027027017
20160629	78.57	11	3	14	1	3.543307086614173
20160809	60.0	6	4	10	1	5.338078291814947
20160822	29.17	7	17	24	1	3.891050583657588
20160824	31.25	5	11	16	1	4.322766570605188
20160831	31.58	6	13	19	1	6.686046511627906
20160920	63.64	7	4	11	1	2.6341463414634148
20161013	29.41	5	12	17	1	3.429796355841372
20161104	20.0	2	8	10	1	3.6637931034482754
20161115	35.29	6	11	17	1	3.6319612590799033
20161121	50.0	5	5	10	1	3.32541567695962
20161207	50.0	8	8	16	1	3.4869240348692405
20161208	90.91	10	1	11	1	3.3694344163658236
20161213	100.0	5	0	5	1	3.8372093023255816
20161229	56.25	9	7	16	1	4.357798165137615
20170102	53.33	8	7	15	1	5.494505494505495
20170120	28.57	2	5	7	1	2.57847533632287
20170131	18.75	3	13	16	1	2.5730994152046787
20170203	50.0	4	4	8	1	3.3642691415313224
20170207	42.86	6	8	14	1	10.879120879120881
20170208	52.78	19	17	36	1	4.955401387512389
20170221	83.33	15	3	18	1	3.0520646319569122
20170309	94.12	16	1	17	1	5.327102803738318
20170321	76.92	10	3	13	1	4.181494661921708
20170331	69.23	18	8	26	1	2.6424442609413705
20170404	25.0	6	18	24	1	4.453441295546559
20170504	78.57	11	3	14	1	3.6815068493150687
20170510	33.33	5	10	15	1	4.100418410041842
20170517	41.18	7	10	17	1	2.5528169014084514
20170519	68.42	13	6	19	1	2.6064291920069502
20170529	61.11	11	7	18	1	3.639514731369152
20170602	83.33	5	1	6	1	8.068669527896995
20170605	75.0	15	5	20	1	3.256552819698173
20170628	38.46	5	8	13	1	3.336259877085163
20170711	78.57	11	3	14	1	2.532751091703057
20170814	60.0	6	4	10	1	2.6532479414455628
20170831	50.0	6	6	12	1	4.495412844036697
20170907	91.67	11	1	12	1	4.058721934369602
20171012	100.0	7	0	7	1	2.7250206440957894
20171113	80.0	12	3	15	1	3.6666666666666665
20171120	80.0	12	3	15	1	3.472770323599053
20171122	61.54	8	5	13	1	2.8615622583139984
20171208	28.57	2	5	7	1	4.731355252606255
20171221	71.43	5	2	7	1	4.296875
20180111	55.56	5	4	9	1	3.0732860520094563
20180117	40.0	4	6	10	1	12.043795620437956
20180125	75.0	9	3	12	1	4.327868852459017
20180205	70.0	14	6	20	1	7.72005772005772
20180213	41.67	10	14	24	1	5.6100981767180915
20180222	50.0	6	6	12	1	3.036303630363036
20180307	66.67	10	5	15	1	6.1875
20180308	70.59	12	5	17	1	4.708652148322543
20180315	63.64	7	4	11	1	4.195402298850575
20180319	18.75	3	13	16	1	5.224719101123594
20180323	28.57	6	15	21	1	6.199304750869062
20180328	40.0	6	9	15	1	3.6666666666666665
20180412	69.23	9	4	13	1	3.29538645895746
20180417	76.92	10	3	13	1	3.23529411764706
20180508	52.63	10	9	19	1	4.465408805031446
20180509	77.78	7	2	9	1	3.5520770620108366
20180510	68.97	20	9	29	1	3.1395348837209305
20180518	81.25	13	3	16	1	3.206997084548105
20180523	46.15	6	7	13	1	3.747203579418344
20180529	35.0	7	13	20	1	2.717391304347826
20180608	43.75	7	9	16	1	3.5812672176308538
20180619	66.67	14	7	21	1	2.9951100244498776
20180621	50.0	7	7	14	1	5.850091407678245
20180622	70.59	12	5	17	1	3.281519861830743
20180702	50.0	12	12	24	1	3.9682539682539684
20180711	50.0	6	6	12	1	5.205320994794679
20180724	77.78	14	4	18	1	3.626306084818685
20180731	33.33	3	6	9	1	2.9624753127057275
20180802	30.0	3	7	10	1	2.599090318388564
20180813	47.37	9	10	19	1	4.142441860465117
20180820	41.67	5	7	12	1	6.035087719298246
20180830	50.0	2	2	4	1	6.416382252559727
20180918	69.23	9	4	13	1	3.7983425414364635
20181001	60.0	6	4	10	1	4.12087912087912
20181011	22.22	2	7	9	1	5.141202027516291
20181016	70.59	12	5	17	1	2.517985611510792
20181018	47.06	8	9	17	1	3.1578947368421053
20181019	72.0	18	7	25	1	2.7210884353741496
20181101	41.67	5	7	12	1	8.695652173913043
20181102	83.33	15	3	18	1	4.452830188679245
20181114	62.96	17	10	27	1	5.853256389117888
20181116	75.0	12	4	16	1	5.439005439005438
20181126	66.67	10	5	15	1	4.0983606557377055
20181130	50.0	11	11	22	1	2.8368794326241136
20181206	37.5	9	15	24	1	3.548153511947864
20181218	50.0	9	9	18	1	7.641741988496302
20190114	36.0	9	16	25	1	3.1365313653136533
20190117	85.71	6	1	7	1	3.832116788321168
20190130	63.64	7	4	11	1	3.3363390441839496
20190207	66.67	6	3	9	1	6.707317073170732
20190215	52.94	9	8	17	1	2.5876460767946576
20190307	78.26	18	5	23	1	2.5067144136078783
20190325	61.54	8	5	13	1	2.9000000000000004
20190509	70.59	12	5	17	1	4.253112033195022
20190520	50.0	9	9	18	1	3.09278350515464
20190527	52.0	13	12	25	1	3.548387096774193
20190604	66.67	10	5	15	1	2.683178534571723
20190617	81.25	13	3	16	1	6.165099268547545
20190619	93.33	14	1	15	1	3.6597428288822944
20190806	72.73	16	6	22	1	4.202719406674906
20190809	60.0	12	8	20	1	3.016241299303944
20190816	57.14	8	6	14	1	3.057757644394111
20190826	68.75	11	5	16	1	3.526734926052332
20190830	81.82	9	2	11	1	3.191489361702128
20191021	76.47	13	4	17	1	9.691629955947137
20191030	76.47	13	4	17	1	5.698924731182796
20191107	64.29	9	5	14	1	2.88659793814433
20191111	81.25	13	3	16	1	5.306122448979592
20191121	54.55	6	5	11	1	2.538071065989848
20191216	68.42	13	6	19	1	3.065134099616858
20191224	69.23	9	4	13	1	3.5137701804368464
20200110	85.71	12	2	14	1	4.039408866995074
20200205	70.0	7	3	10	1	2.9268292682926833
20200227	26.32	5	14	19	1	6.299212598425196
20200615	50.0	11	11	22	1	4.554455445544554
20200626	65.22	15	8	23	1	3.333333333333333
20200629	70.0	21	9	30	1	8.38709677419355
20200701	50.0	9	9	18	1	8.849557522123892
20200703	57.14	12	9	21	1	10.121457489878543
20200716	57.89	11	8	19	1	2.9197080291970803
20200731	50.0	4	4	8	1	3.2338308457711435
20200821	41.67	5	7	12	1	2.7052238805970146
20200831	70.0	14	6	20	1	2.7902790279027903
20200901	66.67	12	6	18	1	10.770577933450088
20200925	50.0	6	6	12	1	3.0
20200929	76.92	10	3	13	1	3.4031413612565444
20201030	73.33	11	4	15	1	6.810035842293908
20201106	63.64	7	4	11	1	4.212299915754001
20201110	54.55	6	5	11	1	2.585487906588824
20201119	66.67	12	6	18	1	3.1516183986371376
20201120	94.74	18	1	19	1	7.1015689512799325
20201126	68.75	11	5	16	1	6.730769230769233
20201201	72.22	13	5	18	1	6.044776119402987
20201202	58.33	7	5	12	1	6.192821956368754
20201203	57.69	30	22	52	1	3.711066931742877
20201209	61.11	11	7	18	1	3.6217303822937614
20201223	53.33	8	7	15	1	4.284727021423636
20201228	65.0	13	7	20	1	4.852459016393444
20210108	75.0	9	3	12	1	2.5
20210121	64.29	9	5	14	1	2.9958058717795084
20210202	60.0	9	6	15	1	2.7517198248905568
20210205	60.0	6	4	10	1	6.158730158730159
20210302	32.26	10	21	31	1	3.1029619181946404
20210312	44.83	13	16	29	1	8.38192419825073
20210318	59.09	13	9	22	1	4.133333333333333
20210324	35.0	7	13	20	1	3.2015065913371004
20210405	78.57	11	3	14	1	5.653495440729484
20210407	50.0	7	7	14	1	3.5265989240884634
