id	ratio	positive	negetive	num	라벨링	등락률
20100106	35.48	11	20	31	0	-3.90418986229124
20100107	33.33	3	6	9	1	3.7274182483420986
20100108	33.33	2	4	6	0	-2.9394473838918285
20100111	86.96	20	3	23	1	2.687764990914597
20100113	20.0	1	4	5	1	3.963188362772748
20100115	88.89	8	1	9	1	6.4352856109906
20100118	43.75	7	9	16	0	-3.0230978260869565
20100119	52.63	10	9	19	0	-4.049036777583188
20100122	50.0	2	2	4	0	-5.859947260474657
20100125	75.0	3	1	4	0	-3.804855275443511
20100126	77.27	17	5	22	1	3.955350643047804
20100127	50.0	5	5	10	0	-3.4624961095549334
20100128	25.0	4	12	16	0	-8.599983880067704
20100129	0.0	0	5	5	1	3.130511463844797
20100202	87.5	14	2	16	1	3.819414642519957
20100204	40.0	2	3	5	0	-7.269605037206642
20100210	46.67	7	8	15	1	4.6275395033860045
20100211	45.45	5	6	11	1	14.762260393328354
20100217	89.29	25	3	28	1	3.86117136659436
20100218	28.57	4	10	14	0	-8.66750208855472
20100219	75.0	9	3	12	1	3.0490128820794267
20100223	75.0	6	2	8	0	-3.2916635845846587
20100224	50.0	6	6	12	0	-6.119014838610983
20100226	50.0	2	2	4	1	6.550004088641753
20100303	16.67	1	5	6	0	-2.6863869604587984
20100308	66.67	2	1	3	1	3.0184123151222457
20100311	50.0	1	1	2	1	3.0184123151222457
20100317	70.0	7	3	10	1	4.376135675348274
20100322	50.0	3	3	6	1	2.9109962884797316
20100323	75.0	3	1	4	0	-4.0874054168729215
20100326	90.0	9	1	10	0	-3.90418986229124
20100329	88.89	8	1	9	0	-3.7350407805472976
20100331	56.25	9	7	16	1	4.950337703615415
20100401	73.33	11	4	15	0	-5.3906723198061774
20100408	100.0	4	0	4	1	4.4512899499422405
20100416	50.0	4	4	8	0	-3.0566354142846253
20100421	33.33	3	6	9	0	-3.0566354142846253
20100423	91.67	22	2	24	1	5.609910052075113
20100427	66.67	2	1	3	1	7.892595606183889
20100429	30.0	6	14	20	1	5.775408379468253
20100430	76.92	10	3	13	1	2.8689583871801503
20100504	72.73	8	3	11	0	-2.8365169616048043
20100506	18.18	2	9	11	1	7.600762706292327
20100507	81.82	18	4	22	1	3.263061411549037
20100510	73.91	17	6	23	0	-5.793242203680693
20100511	70.0	7	3	10	0	-2.512562814070352
20100512	77.78	7	2	9	1	4.871134020618557
20100513	63.64	7	4	11	1	2.7340869992627184
20100514	80.0	4	1	5	0	-7.977991746905088
20100518	92.86	13	1	14	1	5.933172405031128
20100519	66.67	6	3	9	0	-8.797073638762292
20100520	84.62	11	2	13	0	-2.9258991386678934
20100524	21.05	4	15	19	0	-3.616905987537253
20100528	83.33	10	2	12	1	4.53125
20100531	60.0	6	4	10	0	-3.4704620783778517
20100607	100.0	5	0	5	1	5.8287921638959785
20100616	81.82	9	2	11	1	3.9746939898225833
20100624	50.0	1	1	2	0	-2.819681376004512
20100625	88.89	8	1	9	0	-4.838241694472654
20100719	66.67	4	2	6	0	-6.0793446835849645
20100721	55.56	5	4	9	0	-4.618578100674624
20100726	21.21	7	26	33	0	-7.292425345957756
20100728	33.33	1	2	3	0	-3.0406726632772783
20100804	55.56	5	4	9	0	-3.606158833063209
20100805	0.0	0	4	4	0	-3.268179907524169
20100806	66.67	2	1	3	1	5.312330255296035
20100810	50.0	1	1	2	0	-3.638965552489012
20100812	92.31	12	1	13	1	4.754256344362351
20100818	85.71	12	2	14	1	7.086029489763446
20100824	71.43	5	2	7	0	-2.6448736998514115
20100826	87.5	7	1	8	0	-2.741554574391621
20100827	60.0	3	2	5	1	4.222972972972973
20100902	71.43	5	2	7	1	3.0945273631840795
20100907	50.0	1	1	2	1	2.854520422212024
20100908	75.0	6	2	8	1	5.559521684811708
20100910	86.67	13	2	15	0	-2.669298772637542
20100913	14.29	1	6	7	0	-2.751322751322751
20100914	100.0	1	0	1	1	3.6361987667754807
20100927	100.0	2	0	2	0	-4.101004515712837
20100928	40.0	2	3	5	1	2.988660388237556
20101001	92.86	13	1	14	0	-2.8086336132935963
20101005	100.0	1	0	1	1	2.9138948749180176
20101012	100.0	1	0	1	1	14.346712211784794
20101014	46.15	6	7	13	1	3.3313900224868824
20101015	60.0	3	2	5	1	4.304021923107923
20101021	15.38	2	11	13	0	-2.6333308676677274
20101022	91.67	11	1	12	0	-2.7045506343538714
20101026	66.67	8	4	12	1	8.071642733154489
20101029	0.0	0	2	2	0	-3.535791757049892
20101102	60.0	9	6	15	1	5.445923206363777
20101103	33.33	2	4	6	1	4.192659219498041
20101111	95.24	20	1	21	0	-6.981724728726442
20101112	100.0	15	0	15	0	-5.118956254796623
20101115	57.14	4	3	7	1	2.8714713257300013
20101117	78.95	30	8	38	1	6.456032884661885
20101125	100.0	4	0	4	0	-3.535955502582439
20101126	81.25	13	3	16	0	-2.5617792421746293
20101203	72.73	8	3	11	1	6.391072787217853
20101210	85.71	6	1	7	1	5.598364522723698
20101215	42.86	3	4	7	0	-6.036824630244492
20101216	0.0	0	1	1	0	-3.5737230966912947
20101222	33.33	1	2	3	0	-3.0095527939808937
20101227	100.0	1	0	1	1	3.2023027795268506
20101228	38.46	5	8	13	1	4.262180772247887
20110105	60.0	3	2	5	1	2.669298772637542
20110107	0.0	0	2	2	1	3.402919212491513
20110113	60.71	17	11	28	1	7.295855560114896
20110117	50.0	4	4	8	1	4.169594752869524
20110120	50.0	2	2	4	0	-5.475548710050059
20110124	75.0	3	1	4	0	-4.625480153649168
20110126	71.43	5	2	7	0	-2.964937120013325
20110214	71.43	10	4	14	0	-13.04772909074749
20110215	36.84	7	12	19	0	-3.178983951753041
20110217	46.67	7	8	15	1	4.8
20110221	50.0	1	1	2	0	-2.7046191247974067
20110223	90.91	10	1	11	0	-3.7940957049984014
20110224	66.67	2	1	3	1	3.9437243824083295
20110308	70.59	12	5	17	1	7.367875647668394
20110309	66.67	8	4	12	1	9.448894894315222
20110310	63.89	23	13	36	0	-3.1393298059964727
20110311	68.18	15	7	22	0	-7.292425345957756
20110314	66.67	6	3	9	0	-3.9281154865953054
20110316	16.67	1	5	6	0	-3.6223036223036233
20110318	100.0	1	0	1	1	4.6980574324324325
20110323	66.67	2	1	3	1	3.1360290410406373
20110329	25.0	1	3	4	1	3.9800995024875614
20110406	100.0	3	0	3	0	-2.5122318404215283
20110414	42.86	6	8	14	1	5.1985981308411215
20110418	33.33	1	2	3	0	-3.3779295948382204
20110421	51.28	20	19	39	0	-2.610481032459914
20110422	66.67	2	1	3	0	-4.015661078205
20110425	68.75	11	5	16	0	-4.18366279677858
20110506	26.92	7	19	26	1	3.4907138062206307
20110525	0.0	0	3	3	1	2.943121693121693
20110530	50.0	1	1	2	1	2.8455717787488015
20110608	84.62	11	2	13	1	3.2227979274611402
20110613	100.0	5	0	5	0	-2.6567164179104483
20110617	50.0	4	4	8	1	4.61139896373057
20110622	75.0	3	1	4	1	5.360907539403675
20110623	25.0	3	9	12	1	2.5440686040971894
20110701	73.33	11	4	15	1	4.601053820097857
20110706	66.67	2	1	3	0	-3.2808036125702698
20110715	73.08	19	7	26	1	2.7641987378899646
20110718	69.23	9	4	13	1	2.6898460473966437
20110719	56.67	17	13	30	0	-2.989977259327887
20110726	62.5	10	6	16	1	8.747327917913639
20110804	64.71	11	6	17	0	-4.856718981806824
20110805	100.0	1	0	1	0	-10.225687320475995
20110808	68.0	34	16	50	0	-13.008501691196635
20110809	25.0	2	6	8	1	14.491382934005886
20110811	63.64	7	4	11	1	14.806152739048304
20110812	61.54	16	10	26	1	8.015356891013083
20110816	46.15	6	7	13	0	-2.5823298998984483
20110817	94.12	16	1	17	1	3.976172747580045
20110818	87.5	7	1	8	0	-11.465196218848467
20110819	33.33	2	4	6	0	-5.75911995470355
20110822	66.67	6	3	9	1	9.544245129173461
20110823	27.78	5	13	18	1	8.015356891013083
20110824	53.33	8	7	15	0	-10.967648338894527
20110826	47.62	10	11	21	1	3.565692258271764
20110830	84.62	11	2	13	1	5.067233913241663
20110901	43.75	7	9	16	1	13.484725201568162
20110902	70.0	21	9	30	1	4.060748272715422
20110905	57.89	22	16	38	0	-5.292828061384278
20110906	40.0	6	9	15	1	15.0
20110908	42.86	6	8	14	0	-2.8122843340234644
20110914	50.0	3	3	6	0	-5.2116882356385785
20110915	65.22	15	8	23	1	5.220238462964106
20110919	45.45	5	6	11	1	14.90837620671715
20110920	85.0	17	3	20	1	9.175973437971626
20110921	43.33	13	17	30	1	12.293797806653767
20110923	60.38	32	21	53	0	-14.02151983860121
20110926	40.0	6	9	15	1	7.611458740711771
20110928	87.5	7	1	8	1	2.563533951301725
20110929	45.0	9	11	20	1	6.343783783783784
20111004	40.0	4	6	10	0	-11.77692683721688
20111005	37.5	3	5	8	0	-5.748718659094057
20111007	55.56	5	4	9	1	12.285548124454785
20111010	62.07	18	11	29	0	-3.068755664897061
20111011	73.91	17	6	23	1	3.5622050048980323
20111012	81.82	9	2	11	1	2.8678304239401498
20111013	72.0	18	7	25	1	3.719958202716824
20111019	58.33	7	5	12	0	-7.268450221283042
20111020	0.0	0	3	3	1	3.2504944535213687
20111024	85.19	23	4	27	1	14.965121050471893
20111027	50.0	6	6	12	0	-12.343206493095815
20111114	61.54	8	5	13	0	-6.237912858822192
20111115	50.0	4	4	8	0	-4.6792849631966345
20111116	13.64	3	19	22	1	3.776146633289491
20111117	28.57	2	5	7	0	-3.454761028660206
20111122	57.14	8	6	14	0	-5.342057313235051
20111128	55.56	10	8	18	1	9.833195097226064
20111129	76.47	13	4	17	0	-3.356267830172848
20111202	25.0	2	6	8	0	-2.8515240904621435
20111205	25.0	1	3	4	0	-4.8891040309804605
20111208	71.43	15	6	21	0	-2.7191042950557467
20111213	75.0	6	2	8	0	-5.8329286061194745
20111214	60.0	3	2	5	0	-6.653257001392541
20111215	100.0	10	0	10	1	7.127465605834576
20111216	52.0	13	12	25	0	-10.552375058022587
20111220	60.0	3	2	5	1	5.587580617544661
20111221	66.67	8	4	12	1	7.210810810810813
20111226	66.67	2	1	3	0	-6.480662120660037
20111228	75.0	6	2	8	1	7.316404321834037
20111229	25.0	5	15	20	1	8.407011805591045
20120109	20.0	1	4	5	1	2.5121136566778004
20120113	50.0	4	4	8	1	7.114471261025492
20120117	83.33	5	1	6	0	-2.819966450559913
20120119	31.03	9	20	29	0	-3.811338732729872
20120126	73.91	17	6	23	0	-4.203770956668822
20120127	44.74	17	21	38	0	-4.3882426256751135
20120130	54.55	12	10	22	1	5.073054152408886
20120202	51.85	14	13	27	0	-2.8864864864864863
20120203	30.77	8	18	26	0	-7.920516531225648
20120208	50.0	4	4	8	1	3.40240169531434
20120213	22.22	2	7	9	1	5.595926074269039
20120220	66.67	4	2	6	1	3.577179664136186
20120221	28.57	2	5	7	0	-3.4536368684064414
20120222	20.0	1	4	5	0	-3.0710835058661146
20120223	0.0	0	3	3	1	2.9013883944464225
20120224	76.47	13	4	17	0	-3.0732860520094563
20120227	45.45	5	6	11	0	-2.908982748364069
20120305	23.08	3	10	13	0	-3.4476588130032813
20120312	20.0	3	12	15	1	2.8861476716047925
20120315	42.86	3	4	7	1	6.126663607159247
20120322	71.43	5	2	7	0	-6.036416757969429
20120327	25.0	1	3	4	0	-6.324889205011762
20120328	37.5	3	5	8	0	-2.599147246072075
20120402	73.33	11	4	15	1	7.445726930207522
20120403	54.55	6	5	11	0	-4.207948346877435
20120405	51.85	14	13	27	1	12.101307769690516
20120409	73.33	11	4	15	1	3.0086929363385564
20120410	73.08	19	7	26	0	-2.69341553388246
20120412	66.67	6	3	9	1	4.850436227669298
20120416	48.65	18	19	37	1	4.887067759344394
20120417	93.33	14	1	15	1	7.417818008575512
20120420	45.0	9	11	20	1	2.5579854208084822
20120424	58.82	10	7	17	0	-8.628747795414464
20120427	30.56	11	25	36	0	-4.384770668043754
20120430	70.97	22	9	31	1	6.770756616094662
20120502	40.0	4	6	10	0	-2.8648946932769244
20120503	54.84	17	14	31	1	4.421720399564457
20120504	66.67	40	20	60	0	-2.819966450559913
20120507	60.0	6	4	10	1	4.147422439934687
20120508	100.0	6	0	6	1	3.3864898763662428
20120510	80.0	12	3	15	1	3.675351224392154
20120511	31.25	5	11	16	1	8.210270179560329
20120514	63.16	24	14	38	1	2.5859729383941383
20120515	43.9	18	23	41	0	-3.866213151927437
20120517	67.86	19	9	28	0	-5.658412404535987
20120518	60.0	12	8	20	1	2.9069054335827302
20120521	68.29	28	13	41	1	9.896702423520065
20120522	70.0	21	9	30	0	-3.2175264813275004
20120524	74.14	43	15	58	0	-4.1263126646628825
20120529	10.53	6	51	57	1	5.890369473046638
20120604	47.22	17	19	36	1	8.145028383080021
20120607	46.88	15	17	32	1	3.7489043220281832
20120611	65.38	17	9	26	1	6.075909163093537
20120613	77.94	53	15	68	1	4.450200141276195
20120614	20.0	5	20	25	1	4.133791704238051
20120618	66.0	33	17	50	0	-7.100527668786363
20120620	50.0	6	6	12	1	6.953604730498067
20120621	70.73	29	12	41	1	6.384562224230503
20120627	45.0	9	11	20	0	-3.61562110933252
20120628	27.27	12	32	44	0	-3.8698792639848167
20120702	66.67	28	14	42	1	9.291585342386671
20120709	57.89	11	8	19	0	-3.734190885310424
20120712	75.0	9	3	12	0	-3.5673101027826526
20120713	33.33	4	8	12	0	-5.664595627420907
20120717	35.48	11	20	31	0	-5.416782054832456
20120718	68.18	15	7	22	1	12.499268021315222
20120720	53.85	7	6	13	0	-5.90963572880296
20120723	46.15	6	7	13	1	4.680144004430908
20120727	67.86	19	9	28	0	-2.9835735836406303
20120731	50.0	6	6	12	1	5.549829110833831
20120801	54.55	12	10	22	0	-2.742084703947368
20120803	48.48	16	17	33	1	8.846225239320093
20120808	66.67	14	7	21	1	6.372025254978143
20120813	81.82	27	6	33	0	-2.639028399232947
20120816	30.77	12	27	39	1	3.420795078529151
20120820	55.56	10	8	18	1	2.5107912043210017
20120821	57.14	8	6	14	1	2.943121693121693
20120823	66.67	8	4	12	1	4.2837402118839245
20120827	66.67	20	10	30	1	6.6787859626936426
20120828	51.72	15	14	29	1	6.590353411869304
20120903	62.5	35	21	56	0	-8.079388475645287
20120905	55.0	11	9	20	0	-4.0924481083468285
20120906	61.29	19	12	31	1	5.80199539524175
20120910	63.64	14	8	22	1	8.146844355041488
20120913	47.37	9	10	19	0	-4.362013288924207
20120914	34.62	9	17	26	0	-4.559195290540421
20120917	55.36	31	25	56	1	5.436393272579092
20120918	56.14	32	25	57	1	2.812571368339687
20120920	60.0	9	6	15	1	3.443690774746268
20120921	73.08	19	7	26	0	-3.7618574984949316
20121002	50.0	8	8	16	1	7.96997311782508
20121011	71.79	28	11	39	1	2.6724437838008788
20121012	65.79	25	13	38	0	-3.562407589945786
20121016	68.63	35	16	51	1	2.5825496427015957
20121017	60.0	15	10	25	0	-8.252350850709188
20121019	18.52	5	22	27	1	3.1252744936141807
20121022	44.12	15	19	34	0	-4.696603182174372
20121029	53.85	7	6	13	1	3.1781213692018944
20121102	89.47	17	2	19	1	2.5259781482842727
20121105	74.23	72	25	97	0	-5.507576992015642
20121109	80.77	42	10	52	1	7.715797692374425
20121113	58.06	18	13	31	0	-3.0219202458950094
20121115	62.5	20	12	32	0	-9.049660533471233
20121116	28.57	10	25	35	1	2.6099556142474603
20121119	46.58	34	39	73	1	11.604254178210745
20121120	71.7	38	15	53	0	-3.1327578198824417
20121123	85.71	18	3	21	0	-2.564059081890485
20121126	83.33	15	3	18	0	-3.7158222670866894
20121129	40.0	4	6	10	0	-4.242324199405745
20121130	75.0	15	5	20	0	-5.280698730104005
20121203	41.18	7	10	17	1	5.935048127477149
20121204	75.76	25	8	33	0	-12.903964724072766
20121205	21.21	7	26	33	0	-9.161242246915203
20121206	16.0	8	42	50	1	3.218568292035612
20121210	46.67	7	8	15	0	-3.3524532096254487
20121217	47.06	16	18	34	0	-5.004938328318442
20121218	38.64	17	27	44	0	-12.150007253735676
20121221	55.81	24	19	43	1	10.723090677575787
20121226	53.85	7	6	13	1	8.315701422034149
20130103	50.0	6	6	12	1	4.959912709331562
20130109	72.73	16	6	22	0	-6.199545771401588
20130114	62.5	20	12	32	0	-4.873633310307043
20130116	13.33	2	13	15	0	-4.045074408145734
20130121	60.0	3	2	5	0	-2.7063492063492065
20130122	53.85	14	12	26	1	2.7816298229871936
20130125	60.0	3	2	5	0	-7.06087499674674
20130130	54.17	13	11	24	0	-5.303118454735864
20130204	61.95	70	43	113	1	3.042831647828673
20130205	37.5	30	50	80	0	-3.593799613197472
20130206	7.69	1	12	13	0	-4.928438828672375
20130207	37.84	14	23	37	1	2.941546989166037
20130208	40.0	6	9	15	1	3.402068163739828
20130213	78.57	11	3	14	1	8.814131013669448
20130214	69.44	25	11	36	1	2.7816298229871936
20130218	76.67	23	7	30	1	6.724435806068459
20130221	71.43	10	4	14	1	3.5162717141515727
20130225	81.25	13	3	16	1	3.0095164484807486
20130226	62.5	15	9	24	1	2.7105608703807915
20130304	70.0	14	6	20	1	10.081895155693331
20130311	50.0	9	9	18	1	3.9296679993815022
20130315	50.0	2	2	4	0	-4.572224006852982
20130320	40.0	2	3	5	1	3.6000989408828223
20130401	50.0	5	5	10	1	6.923243243243244
20130404	43.59	17	22	39	0	-6.1082332626952365
20130405	47.06	16	18	34	0	-10.223401809784539
20130408	38.46	10	16	26	1	2.7956889126841875
20130410	78.95	15	4	19	1	5.7520818678949865
20130411	83.33	25	5	30	1	4.578809595331073
20130415	91.11	41	4	45	1	3.074107959743824
20130416	75.0	27	9	36	1	3.1579777896127967
20130417	69.57	16	7	23	0	-3.912195495047611
20130422	82.35	14	3	17	0	-3.1859428480458485
20130423	59.09	13	9	22	1	4.205463402602208
20130424	52.0	13	12	25	0	-6.140402785174666
20130425	61.54	8	5	13	1	3.738651647612644
20130429	53.66	22	19	41	0	-6.054917170383513
20130503	64.52	20	11	31	1	3.910866525328162
20130507	59.42	41	28	69	1	6.311260921630372
20130516	73.33	11	4	15	1	6.101852466635681
20130522	35.48	11	20	31	0	-4.673839946200403
20130528	83.33	10	2	12	0	-2.523741949568824
20130529	60.0	12	8	20	0	-2.8892024457434657
20130530	67.39	31	15	46	0	-4.204432759058096
20130531	46.67	7	8	15	0	-4.603235747303544
20130605	25.0	3	9	12	0	-5.9552327228704645
20130612	56.1	23	18	41	0	-5.759479717813053
20130613	50.0	13	13	26	0	-2.9914030060237438
20130617	76.19	16	5	21	1	3.2076719576719577
20130618	80.0	4	1	5	0	-7.899565989921645
20130621	66.67	12	6	18	0	-6.212482134349692
20130624	22.22	4	14	18	0	-5.120390124961904
20130625	25.0	4	12	16	1	8.887461184280971
20130626	58.33	7	5	12	0	-2.625626905300422
20130628	33.33	6	12	18	1	4.348998718899602
20130702	27.27	3	8	11	0	-4.9843039272214735
20130704	40.0	2	3	5	0	-2.7983838919062127
20130710	22.22	2	7	9	1	5.625248544882687
20130715	77.78	14	4	18	1	4.855660956800655
20130718	41.67	10	14	24	0	-2.9014360313315932
20130719	72.73	8	3	11	0	-3.28728446102652
20130723	57.14	4	3	7	1	4.60079324021383
20130726	51.43	18	17	35	1	6.313356447086017
20130801	78.57	22	6	28	1	2.5297666045542115
20130805	55.36	31	25	56	0	-3.5128236295125808
20130812	66.67	22	11	33	0	-5.13568999807532
20130819	42.86	3	4	7	0	-3.5390576350930605
20130820	78.26	18	5	23	0	-3.0305203887673486
20130821	33.33	2	4	6	0	-7.237961387676602
20130823	46.15	18	21	39	1	2.828764402065952
20130826	14.29	1	6	7	0	-6.015763851325247
20130827	23.08	3	10	13	0	-3.654676258992805
20130905	64.71	22	12	34	0	-4.645840025698684
20130910	23.08	3	10	13	1	3.619308690624063
20130911	55.56	10	8	18	1	4.7784391534391535
20130924	16.67	3	15	18	0	-2.631371311346063
20130925	40.91	9	13	22	1	4.683764839350109
20130926	27.27	9	24	33	1	4.648372489066069
20130927	59.26	16	11	27	0	-3.4543975146090684
20131004	63.96	71	40	111	0	-5.72711301971501
20131008	57.14	20	15	35	0	-6.193308863856896
20131010	46.67	7	8	15	0	-5.999550258601304
20131011	46.88	30	34	64	0	-3.401751112386968
20131015	71.88	23	9	32	0	-4.565897536175205
20131016	55.17	32	26	58	0	-3.8725540415940993
20131017	40.0	20	30	50	1	7.822657998507942
20131022	51.16	22	21	43	0	-3.6481204458813883
20131023	53.85	14	12	26	1	3.1201482446035964
20131104	50.0	5	5	10	0	-4.0426499570468435
20131105	68.18	15	7	22	0	-4.91863710569277
20131106	29.63	8	19	27	0	-5.173082248684575
20131108	61.82	34	21	55	0	-4.636606004404776
20131112	25.0	11	33	44	1	7.176604270079541
20131113	50.77	33	32	65	0	-5.206182690698063
20131115	66.67	12	6	18	1	4.269609018949389
20131118	81.25	26	6	32	0	-3.5829307568438
20131119	38.71	12	19	31	1	4.777810915597971
20131120	83.33	20	4	24	0	-3.290447455311397
20131121	90.32	28	3	31	1	5.757004944666822
20131122	70.83	17	7	24	1	10.397417343871759
20131127	37.04	10	17	27	1	2.587961616749055
20131129	76.19	16	5	21	0	-4.393846732840947
20131203	70.0	28	12	40	0	-3.225494462981769
20131204	53.85	28	24	52	0	-4.2224665200879485
20131209	36.0	9	16	25	1	3.230162027420025
20131211	69.23	27	12	39	1	3.5215453194650816
20131212	66.67	8	4	12	1	2.5549016793454857
20131213	76.47	13	4	17	0	-2.696524376020527
20131216	80.0	16	4	20	0	-3.624682360838088
20131217	63.64	21	12	33	1	7.964777871747675
20131220	72.5	29	11	40	1	3.229909598873393
20131224	83.33	20	4	24	0	-3.935195431809128
20131226	59.46	22	15	37	1	3.8936503548060086
20131230	52.17	12	11	23	0	-3.3730424307321636
20140107	50.0	14	14	28	0	-5.359792284866469
20140114	48.15	13	14	27	1	6.107087061496947
20140116	71.43	15	6	21	0	-2.57814587229495
20140117	83.33	20	4	24	0	-2.8429087252616667
20140121	85.71	6	1	7	1	2.7295870262115782
20140124	44.0	11	14	25	0	-6.342112769801274
20140128	95.83	23	1	24	1	3.8031995170540296
20140204	75.0	30	10	40	1	3.0588697402661165
20140205	81.58	31	7	38	0	-2.9680800381133885
20140207	47.06	8	9	17	1	5.326748813348036
20140212	42.11	40	55	95	1	14.909025884035945
20140221	70.59	24	10	34	0	-3.8403784067872966
20140224	78.12	25	7	32	1	3.4706226820222525
20140225	58.62	17	12	29	0	-4.191820102626019
20140226	44.0	11	14	25	0	-3.855393218603552
20140305	75.0	3	1	4	1	6.6173216943561695
20140306	85.0	17	3	20	0	-2.852399637790522
20140307	63.64	7	4	11	0	-2.9361503806120863
20140311	30.0	3	7	10	0	-5.583242170090354
20140312	88.89	24	3	27	1	2.862292408702742
20140313	83.78	31	6	37	0	-4.084272006675008
20140314	70.59	12	5	17	0	-7.542081684137273
20140318	35.71	10	18	28	1	2.9138948749180176
20140321	17.95	7	32	39	1	2.9818051768071885
20140325	7.69	1	12	13	0	-3.128850554479845
20140327	43.18	19	25	44	1	4.23448338395974
20140328	84.91	45	8	53	1	8.320647209777741
20140401	54.05	20	17	37	1	14.984721460471675
20140402	45.45	25	30	55	1	14.997785424687404
20140403	59.04	49	34	83	1	3.4278434509525084
20140407	42.0	21	29	50	0	-7.958317697658979
20140411	64.44	29	16	45	1	8.902168555938886
20140414	61.9	26	16	42	0	-3.2697855971035814
20140416	52.63	10	9	19	0	-4.517626577687509
20140417	57.14	8	6	14	1	2.974960495928042
20140422	52.94	9	8	17	0	-3.6577131953618087
20140424	33.33	9	18	27	0	-2.5233672768537043
20140508	16.67	5	25	30	0	-3.9574193944228
20140512	79.49	31	8	39	1	8.641228181934006
20140513	50.4	63	62	125	1	2.6092820076812573
20140520	50.0	6	6	12	1	3.530442880227876
20140523	77.08	37	11	48	0	-4.195932487682147
20140526	61.9	13	8	21	1	7.0551224182738315
20140530	76.19	16	5	21	0	-2.7969917247277207
20140605	64.86	24	13	37	1	6.0903681078519165
20140610	89.47	51	6	57	1	5.93977659057795
20140616	79.49	31	8	39	1	4.183744316782009
20140619	79.1	53	14	67	1	3.807688189313631
20140620	87.5	35	5	40	1	4.037299114971221
20140624	87.5	14	2	16	1	3.298783939411684
20140626	34.21	13	25	38	1	7.6784343821949355
20140627	67.65	23	11	34	1	3.169879904493781
20140701	30.43	7	16	23	1	13.030220435419574
20140703	73.33	44	16	60	1	5.820939916716241
20140704	72.0	36	14	50	1	14.999859459763329
20140708	68.0	34	16	50	0	-2.947060917381645
20140710	76.74	33	10	43	0	-3.016217981734357
20140724	30.0	6	14	20	1	6.957904300423985
20140729	54.84	17	14	31	1	6.41353098610483
20140801	64.91	37	20	57	1	11.052725013314397
20140805	55.88	19	15	34	1	14.418541411732711
20140807	64.29	63	35	98	1	6.193540001299797
20140813	76.6	36	11	47	1	4.354652193363777
20140814	75.44	43	14	57	1	6.762921620965785
20140822	79.45	58	15	73	0	-9.987368047809351
20140825	66.3	61	31	92	1	2.846919598526069
20140826	60.42	29	19	48	0	-6.883977018831791
20140828	42.67	32	43	75	0	-6.473201214666344
20140829	37.5	18	30	48	1	3.4203629663419823
20140902	38.89	14	22	36	1	3.61696899861896
20140905	71.11	32	13	45	0	-2.689455425061269
20140911	43.33	13	17	30	0	-5.673120952443253
20140912	58.18	32	23	55	0	-6.630662806220634
20140915	57.14	28	21	49	1	14.864124632110595
20140922	59.62	31	21	52	1	4.727055668214823
20140924	72.5	29	11	40	1	9.348843365801622
20140926	53.85	14	12	26	0	-3.5449587470283883
20140929	40.0	18	27	45	1	11.862993838347228
20141006	45.16	28	34	62	0	-4.251551833250299
20141007	35.71	15	27	42	1	5.378324977675276
20141013	40.68	24	35	59	0	-3.5879155037631776
20141014	65.79	25	13	38	1	2.8063411923691666
20141015	64.71	33	18	51	1	4.154322470440653
20141020	91.11	82	8	90	1	2.5644803772086053
20141027	61.11	22	14	36	1	3.4786806310875384
20141031	70.27	26	11	37	0	-8.711728262696392
20141103	13.33	6	39	45	0	-6.832278420741888
20141105	77.18	115	34	149	0	-9.151306599434431
20141107	61.22	30	19	49	1	5.0861806488983285
20141110	62.75	32	19	51	0	-5.845605902139808
20141111	73.81	31	11	42	0	-4.539313699000272
20141113	64.58	31	17	48	0	-3.1685314956057145
20141114	22.5	9	31	40	0	-8.250101956770331
20141117	38.71	24	38	62	1	3.1010319341793333
20141118	68.75	33	15	48	1	5.263157894736842
20141119	77.27	68	20	88	0	-4.643430774172823
20141120	67.61	48	23	71	1	6.816688844346375
20141121	77.27	34	10	44	1	3.1561435599848617
20141124	52.86	37	33	70	0	-3.875109871211832
20141202	58.97	23	16	39	1	7.2471521696187535
20141205	65.0	13	7	20	0	-5.313706267998286
20141208	60.61	20	13	33	0	-4.316104505378953
20141212	76.74	33	10	43	0	-3.8144572639510246
20141215	72.92	35	13	48	0	-6.6873579297079875
20141216	32.08	17	36	53	1	15.000327927218894
20141219	69.23	27	12	39	0	-3.657553625477037
20141222	73.47	36	13	49	0	-4.024347558841357
20141223	67.39	31	15	46	1	3.243998114264875
20141224	80.0	40	10	50	0	-3.065391574050142
20141226	76.47	39	12	51	1	7.510310011376562
20141230	63.41	26	15	41	1	6.9376104615946295
20150105	69.44	25	11	36	1	4.247012074913751
20150106	50.82	31	30	61	1	3.2850462802225
20150108	83.61	51	10	61	1	3.14455624774606
20150113	34.04	16	31	47	1	2.6457808651371324
20150120	71.88	23	9	32	1	5.8686899969030675
20150121	65.91	29	15	44	0	-3.2807422528314603
20150122	50.91	28	27	55	1	13.859374589064512
20150126	66.04	35	18	53	0	-5.392935306719948
20150127	61.43	43	27	70	1	3.203281410225109
20150128	63.16	48	28	76	0	-5.260231842914597
20150202	44.64	25	31	56	1	2.5524879114022774
20150206	76.27	45	14	59	0	-2.5595945692298065
20150209	38.75	31	49	80	1	3.254804512678263
20150210	63.64	112	64	176	0	-6.028307049400527
20150211	66.67	78	39	117	0	-3.002369072355969
20150213	52.46	32	29	61	0	-3.304846833457188
20150216	53.33	48	42	90	1	5.886329512058009
20150217	56.41	22	17	39	1	2.51073581494748
20150223	76.47	39	12	51	0	-3.0903977395648266
20150226	58.82	20	14	34	1	7.185872672093638
20150302	73.53	25	9	34	1	2.9859443983455063
20150305	80.3	53	13	66	1	2.6156485509466334
20150310	51.16	22	21	43	0	-3.735880321135177
20150311	38.3	18	29	47	1	4.312408706034948
20150317	87.04	47	7	54	0	-9.516787155719165
20150324	47.62	20	22	42	1	6.277444299393491
20150331	68.33	41	19	60	0	-2.6493005869812807
20150402	82.0	41	9	50	1	4.0299023523660775
20150409	89.74	35	4	39	0	-2.782122128384249
20150416	45.07	32	39	71	0	-2.8477485853616487
20150420	60.47	26	17	43	1	2.7573378213361512
20150424	54.17	13	11	24	1	5.8178497158337095
20150429	29.82	17	40	57	0	-3.9279576052706964
20150430	2.7	1	36	37	0	-5.5247040115289545
20150506	52.73	29	26	55	1	5.902839382051638
20150507	58.82	30	21	51	0	-2.8697475863095976
20150511	76.67	46	14	60	0	-7.705387564572544
20150512	68.84	95	43	138	0	-4.423724895448783
20150515	44.9	22	27	49	0	-5.160995495462821
20150521	53.85	7	6	13	0	-3.6593953492052185
20150522	39.73	29	44	73	0	-8.692367076756295
20150528	64.29	9	5	14	1	5.81325514025295
20150529	74.19	23	8	31	1	2.8946797322337776
20150601	73.53	50	18	68	0	-2.525268913152814
20150602	73.77	45	16	61	1	4.293406346485132
20150609	74.19	23	8	31	0	-5.25215448451963
20150610	21.43	3	11	14	0	-3.1455810271353726
20150616	60.87	14	9	23	1	7.392081508624543
20150618	36.0	9	16	25	1	6.520052849166772
20150626	71.43	5	2	7	0	-4.2714831958140485
20150630	72.5	29	11	40	1	9.047640190027973
20150701	74.29	26	9	35	1	3.4070551447835578
20150702	79.49	31	8	39	0	-2.5789838409928496
20150703	70.21	33	14	47	0	-3.2349065983364724
20150706	76.47	26	8	34	1	6.914986926848828
20150709	72.73	32	12	44	1	5.654308710649802
20150710	87.8	36	5	41	1	5.083312499080842
20150713	88.68	47	6	53	0	-8.147956363229232
20150715	75.61	31	10	41	1	5.088722458746386
20150723	68.57	24	11	35	1	2.8980427457321984
20150724	29.82	17	40	57	0	-6.408559196723722
20150727	68.42	39	18	57	0	-5.868826152051812
20150807	46.67	7	8	15	1	5.479452054794519
20150811	45.45	5	6	11	1	3.150912106135987
20150818	53.57	15	13	28	0	-4.568527918781727
20150820	38.46	15	24	39	0	-6.076854334226987
20150821	45.1	23	28	51	0	-4.9476688867745
20150824	41.67	10	14	24	1	4.104104104104104
20150825	61.11	11	7	18	1	5.5769230769230775
20150828	73.33	22	8	30	0	-2.9357798165137616
20150904	19.51	8	33	41	0	-3.0097087378640777
20150917	42.31	11	15	26	1	7.1080817916260965
20150923	55.56	20	16	36	1	3.4703196347031966
20151005	72.73	16	6	22	0	-2.7586206896551726
20151007	79.63	43	11	54	0	-2.721685689201053
20151013	44.44	24	30	54	1	4.036697247706424
20151021	76.0	19	6	25	0	-4.5904590459045895
20151023	90.91	40	4	44	1	9.82824427480916
20151105	48.39	15	16	31	1	4.5178105994787146
20151106	45.0	9	11	20	0	-3.9900249376558596
20151109	32.35	11	23	34	0	-9.177489177489175
20151111	76.56	49	15	64	0	-3.608736942070275
20151116	61.29	19	12	31	1	3.075396825396825
20151125	57.14	24	18	42	1	9.661835748792267
20151130	52.94	9	8	17	1	4.504504504504505
20151204	75.0	18	6	24	1	4.477611940298506
20151207	66.13	41	21	62	0	-4.369747899159663
20151211	58.93	33	23	56	0	-3.368794326241135
20151216	88.0	22	3	25	1	3.333333333333333
20151221	71.64	48	19	67	0	-2.964254577157804
20151228	40.91	9	13	22	1	3.800904977375565
20151229	90.91	30	3	33	1	3.3129904097646032
20160105	86.36	19	3	22	0	-3.3078880407124682
20160108	35.0	7	13	20	1	3.53045013239188
20160115	64.86	24	13	37	1	7.796610169491526
20160120	60.47	26	17	43	1	4.552469135802468
20160121	49.25	33	34	67	1	7.084870848708488
20160122	69.88	58	25	83	0	-4.203997243280496
20160126	40.38	21	31	52	0	-4.078762306610408
20160129	62.86	22	13	35	0	-3.908554572271387
20160222	79.49	31	8	39	0	-6.14359733530718
20160224	41.67	10	14	24	0	-3.822152886115445
20160304	73.33	22	8	30	0	-3.2076984763432232
20160307	30.0	6	14	20	0	-3.065451532725766
20160309	80.0	12	3	15	1	3.8135593220338975
20160321	61.36	27	17	44	1	6.276505513146735
20160324	9.76	4	37	41	0	-2.938840349483717
20160401	54.55	18	15	33	1	3.2
20160407	41.67	15	21	36	0	-3.0256012412723043
20160429	42.42	14	19	33	0	-3.4775888717156103
20160503	36.84	7	12	19	1	3.456402199528672
20160608	50.0	9	9	18	1	4.250559284116331
20160621	40.0	6	9	15	0	-3.301540719002201
20160623	10.0	3	27	30	0	-5.128205128205128
20160624	45.45	10	12	22	1	2.7027027027027017
20160629	61.9	13	8	21	1	3.543307086614173
20160713	81.82	45	10	55	0	-3.0110935023771788
20160719	50.0	12	12	24	0	-4.177109440267335
20160729	83.72	36	7	43	0	-2.5951557093425603
20160809	57.14	8	6	14	1	5.338078291814947
20160810	79.41	108	28	136	0	-4.222972972972973
20160819	56.52	13	10	23	0	-3.3834586466165413
20160822	45.71	32	38	70	1	3.891050583657588
20160823	72.73	24	9	33	0	-2.528089887640449
20160824	34.78	8	15	23	1	4.322766570605188
20160830	67.86	19	9	28	0	-3.0075187969924815
20160831	41.18	14	20	34	1	6.686046511627906
20160908	78.26	36	10	46	0	-2.580071174377224
20160909	53.12	34	30	64	0	-3.6529680365296797
20160912	55.77	29	23	52	0	-3.0331753554502368
20160920	50.0	7	7	14	1	2.6341463414634148
20161012	60.61	20	13	33	0	-3.7151702786377694
20161013	31.82	14	30	44	1	3.429796355841372
20161028	30.77	8	18	26	0	-3.1600407747196737
20161031	36.0	18	32	50	0	-2.736842105263158
20161104	14.29	2	12	14	1	3.6637931034482754
20161108	54.13	59	50	109	0	-9.424083769633508
20161110	45.45	5	6	11	0	-2.5581395348837206
20161115	36.0	9	16	25	1	3.6319612590799033
20161121	75.0	27	9	36	1	3.32541567695962
20161128	52.63	10	9	19	0	-2.5
20161201	48.94	23	24	47	0	-3.690476190476192
20161202	41.94	13	18	31	0	-2.9666254635352285
20161207	57.14	12	9	21	1	3.4869240348692405
20161208	80.95	17	4	21	1	3.3694344163658236
20161213	83.33	5	1	6	1	3.8372093023255816
20161229	55.26	21	17	38	1	4.357798165137615
20170102	54.84	17	14	31	1	5.494505494505495
20170109	88.57	31	4	35	0	-3.171247357293869
20170116	30.77	4	9	13	0	-2.7412280701754383
20170120	45.45	10	12	22	1	2.57847533632287
20170123	66.67	10	5	15	0	-2.5136612021857925
20170124	48.98	24	25	49	0	-3.251121076233184
20170126	46.67	14	16	30	0	-2.508551881413911
20170131	18.75	3	13	16	1	2.5730994152046787
20170203	55.56	5	4	9	1	3.3642691415313224
20170207	62.3	38	23	61	1	10.879120879120881
20170208	71.03	103	42	145	1	4.955401387512389
20170221	74.55	41	14	55	1	3.0520646319569122
20170224	52.0	13	12	25	0	-4.757709251101322
20170303	21.88	7	25	32	0	-3.141831238779174
20170309	89.83	53	6	59	1	5.327102803738318
20170321	75.0	18	6	24	1	4.181494661921708
20170327	46.81	22	25	47	0	-2.631578947368421
20170331	54.17	39	33	72	1	2.6424442609413705
20170404	38.18	21	34	55	1	4.453441295546559
20170407	65.22	15	8	23	0	-5.138036809815951
20170413	73.91	17	6	23	0	-5.271317829457363
20170417	77.94	53	15	68	0	-4.563650920736589
20170504	83.33	20	4	24	1	3.6815068493150687
20170510	35.0	7	13	20	1	4.100418410041842
20170511	59.7	40	27	67	0	-4.09967845659164
20170515	61.64	45	28	73	0	-4.530201342281879
20170517	48.39	15	16	31	1	2.5528169014084514
20170519	64.86	24	13	37	1	2.6064291920069502
20170529	48.57	17	18	35	1	3.639514731369152
20170602	93.33	14	1	15	1	8.068669527896995
20170605	73.91	51	18	69	1	3.256552819698173
20170628	63.64	28	16	44	1	3.336259877085163
20170711	84.0	21	4	25	1	2.532751091703057
20170717	85.37	35	6	41	0	-2.523128679562657
20170721	78.0	39	11	50	0	-4.913793103448277
20170802	60.0	18	12	30	0	-2.580071174377224
20170814	56.25	9	7	16	1	2.6532479414455628
20170831	32.26	10	21	31	1	4.495412844036697
20170907	86.96	20	3	23	1	4.058721934369602
20170919	60.98	25	16	41	0	-3.651903651903652
20170922	33.33	6	12	18	0	-3.9525691699604746
20170929	88.0	22	3	25	0	-2.56
20171012	81.82	9	2	11	1	2.7250206440957894
20171025	61.7	29	18	47	0	-3.8690476190476177
20171106	77.59	45	13	58	0	-8.100147275405007
20171108	47.62	30	33	63	0	-3.2467532467532463
20171113	79.17	19	5	24	1	3.6666666666666665
20171120	72.22	26	10	36	1	3.472770323599053
20171122	85.11	40	7	47	1	2.8615622583139984
20171127	80.52	62	15	77	0	-3.7037037037037033
20171208	37.04	10	17	27	1	4.731355252606255
20171221	83.78	31	6	37	1	4.296875
20180102	81.25	13	3	16	0	-3.736263736263736
20180103	91.67	11	1	12	0	-3.6529680365296797
20180111	50.0	5	5	10	1	3.0732860520094563
20180117	83.78	31	6	37	1	12.043795620437956
20180125	62.5	10	6	16	1	4.327868852459017
20180126	86.49	32	5	37	0	-3.142677561282212
20180129	96.36	53	2	55	0	-2.5308241401687206
20180130	68.09	32	15	47	0	-2.9960053262316912
20180202	80.85	76	18	94	0	-5.7142857142857135
20180205	74.23	72	25	97	1	7.72005772005772
20180208	35.71	5	9	14	0	-2.6174496644295298
20180209	42.31	11	15	26	0	-3.445899379738112
20180213	33.33	9	18	27	1	5.6100981767180915
20180222	58.62	17	12	29	1	3.036303630363036
20180302	80.33	49	12	61	0	-4.002463054187191
20180307	85.07	57	10	67	1	6.1875
20180308	83.05	49	10	59	1	4.708652148322543
20180315	60.47	26	17	43	1	4.195402298850575
20180319	54.55	48	40	88	1	5.224719101123594
20180322	77.55	38	11	49	0	-6.702702702702703
20180323	41.82	23	32	55	1	6.199304750869062
20180328	58.06	18	13	31	1	3.6666666666666665
20180330	87.5	49	7	56	0	-3.5886448848419925
20180410	89.19	33	4	37	0	-3.4212002243409985
20180411	60.87	14	9	23	0	-3.0778164924506384
20180412	81.58	31	7	38	1	3.29538645895746
20180417	67.86	38	18	56	1	3.23529411764706
20180420	72.73	24	9	33	0	-3.5858877964141125
20180425	66.67	26	13	39	0	-3.68389780154486
20180427	66.67	22	11	33	0	-2.735562310030395
20180504	70.21	33	14	47	0	-2.93040293040293
20180508	55.0	11	9	20	1	4.465408805031446
20180509	76.47	13	4	17	1	3.5520770620108366
20180510	45.83	55	65	120	1	3.1395348837209305
20180511	60.0	57	38	95	0	-4.96054114994363
20180518	76.47	26	8	34	1	3.206997084548105
20180523	60.0	12	8	20	1	3.747203579418344
20180529	34.78	8	15	23	1	2.717391304347826
20180531	81.82	45	10	55	0	-2.7676240208877285
20180608	62.79	27	16	43	1	3.5812672176308538
20180612	48.75	39	41	80	0	-6.787814003206841
20180615	72.09	31	12	43	0	-5.436668594563332
20180619	69.66	62	27	89	1	2.9951100244498776
20180620	81.25	26	6	32	0	-2.6112759643916914
20180621	30.77	8	18	26	1	5.850091407678245
20180622	82.35	28	6	34	1	3.281519861830743
20180627	35.71	10	18	28	0	-4.018369690011482
20180629	87.27	48	7	55	0	-2.5
20180702	69.84	44	19	63	1	3.9682539682539684
20180710	76.92	30	9	39	0	-2.6463963963963963
20180711	70.27	26	11	37	1	5.205320994794679
20180713	77.59	45	13	58	0	-4.175824175824175
20180719	13.33	2	13	15	0	-2.991944764096663
20180720	70.59	24	10	34	0	-4.211150652431791
20180724	73.85	48	17	65	1	3.626306084818685
20180726	36.36	12	21	33	0	-5.882352941176469
20180727	57.45	27	20	47	0	-4.9375
20180731	41.67	5	7	12	1	2.9624753127057275
20180802	23.53	4	13	17	1	2.599090318388564
20180807	53.85	7	6	13	0	-5.613577023498695
20180810	45.45	10	12	22	0	-3.0985915492957745
20180813	70.59	24	10	34	1	4.142441860465117
20180820	40.0	6	9	15	1	6.035087719298246
20180821	76.47	26	8	34	0	-2.8457974851091987
20180827	84.62	44	8	52	0	-3.6821705426356592
20180830	60.0	3	2	5	1	6.416382252559727
20180904	85.45	47	8	55	0	-4.088050314465408
20180913	85.0	17	3	20	0	-4.183266932270916
20180918	77.78	14	4	18	1	3.7983425414364635
20180921	88.37	76	10	86	0	-5.4874112330535825
20181001	54.55	6	5	11	1	4.12087912087912
20181008	64.71	22	12	34	0	-3.8435603506405935
20181010	63.64	28	16	44	0	-3.155680224403927
20181011	18.18	2	9	11	1	5.141202027516291
20181012	93.75	60	4	64	0	-3.6501377410468323
20181016	78.33	47	13	60	1	2.517985611510792
20181018	60.61	20	13	33	1	3.1578947368421053
20181019	83.67	41	8	49	1	2.7210884353741496
20181023	17.65	3	14	17	0	-3.050847457627119
20181025	42.11	8	11	19	0	-2.629708599857853
20181026	61.11	11	7	18	0	-6.0583941605839415
20181031	63.64	7	4	11	0	-4.839968774395004
20181101	46.15	6	7	13	1	8.695652173913043
20181102	82.0	41	9	50	1	4.452830188679245
20181106	43.75	7	9	16	0	-11.824080749819752
20181113	43.48	10	13	23	0	-3.5771065182829886
20181114	69.86	51	22	73	1	5.853256389117888
20181116	81.08	30	7	37	1	5.439005439005438
20181126	34.38	11	21	32	1	4.0983606557377055
20181130	58.97	23	16	39	1	2.8368794326241136
20181203	69.23	18	8	26	0	-2.689655172413793
20181206	56.1	46	36	82	1	3.548153511947864
20181210	66.0	33	17	50	0	-5.720338983050849
20181213	62.5	30	18	48	0	-10.094408133623821
20181218	53.57	30	26	56	1	7.641741988496302
20181228	84.21	16	3	19	0	-3.1007751937984502
20190107	50.0	10	10	20	0	-2.713487629688747
20190109	35.62	26	47	73	0	-5.5053410024650775
20190111	52.17	24	22	46	0	-4.828797190517999
20190114	45.45	15	18	33	1	3.1365313653136533
20190117	54.29	19	16	35	1	3.832116788321168
20190130	72.22	26	10	36	1	3.3363390441839496
20190207	85.48	53	9	62	1	6.707317073170732
20190215	55.0	11	9	20	1	2.5876460767946576
20190218	88.3	83	11	94	0	-2.5223759153783565
20190228	40.0	26	39	65	0	-4.351395730706075
20190306	81.33	61	14	75	0	-5.3389830508474585
20190307	69.66	62	27	89	1	2.5067144136078783
20190308	73.21	41	15	56	0	-4.104803493449782
20190312	46.0	23	27	50	0	-7.59493670886076
20190325	65.0	13	7	20	1	2.9000000000000004
20190508	70.45	31	13	44	0	-3.503503503503504
20190509	82.69	43	9	52	1	4.253112033195022
20190517	76.32	29	9	38	0	-2.708124373119358
20190520	50.91	28	27	55	1	3.09278350515464
20190524	74.24	49	17	66	0	-3.5269709543568464
20190527	47.37	36	40	76	1	3.548387096774193
20190604	69.05	29	13	42	1	2.683178534571723
20190617	78.57	44	12	56	1	6.165099268547545
20190619	75.0	15	5	20	1	3.6597428288822944
20190621	63.46	33	19	52	0	-2.9608404966571165
20190702	77.14	27	8	35	0	-2.9116465863453818
20190726	56.52	13	10	23	0	-3.296703296703297
20190802	75.0	42	14	56	0	-6.628571428571428
20190806	38.3	18	29	47	1	4.202719406674906
20190809	50.98	52	50	102	1	3.016241299303944
20190816	69.23	18	8	26	1	3.057757644394111
20190823	87.27	48	7	55	0	-2.8729281767955803
20190826	86.67	52	8	60	1	3.526734926052332
20190830	89.47	51	6	57	1	3.191489361702128
20190902	86.42	70	11	81	0	-3.5051546391752577
20191010	90.62	29	3	32	0	-2.7837259100642395
20191021	89.09	49	6	55	1	9.691629955947137
20191029	80.77	42	10	52	0	-3.7267080745341614
20191030	79.41	27	7	34	1	5.698924731182796
20191107	63.16	12	7	19	1	2.88659793814433
20191111	66.67	20	10	30	1	5.306122448979592
20191121	15.22	7	39	46	1	2.538071065989848
20191216	86.44	51	8	59	1	3.065134099616858
20191224	61.11	22	14	36	1	3.5137701804368464
20191230	79.17	19	5	24	0	-2.7906976744186047
20200103	65.38	17	9	26	0	-3.272377285851781
20200110	77.27	17	5	22	1	4.039408866995074
20200123	80.0	36	9	45	0	-3.7822878228782284
20200130	51.81	43	40	83	0	-3.0476190476190474
20200205	68.75	22	10	32	1	2.9268292682926833
20200227	19.15	9	38	47	1	6.299212598425196
20200612	75.34	55	18	73	0	-4.4465468306527915
20200615	70.37	38	16	54	1	4.554455445544554
20200624	79.59	39	10	49	0	-4.018691588785047
20200626	73.68	28	10	38	1	3.333333333333333
20200629	71.43	95	38	133	1	8.38709677419355
20200630	89.06	57	7	64	0	-3.91156462585034
20200701	71.79	28	11	39	1	8.849557522123892
20200703	57.69	15	11	26	1	10.121457489878543
20200706	72.16	70	27	97	0	-3.0882352941176467
20200714	68.52	37	17	54	0	-3.268482490272373
20200716	59.38	19	13	32	1	2.9197080291970803
20200724	84.72	61	11	72	0	-3.0278884462151394
20200731	80.0	36	9	45	1	3.2338308457711435
20200810	81.97	50	11	61	0	-6.4851881505204165
20200814	59.46	22	15	37	0	-7.888040712468192
20200819	69.64	39	17	56	0	-3.901996370235935
20200821	75.68	28	9	37	1	2.7052238805970146
20200831	88.57	62	8	70	1	2.7902790279027903
20200901	81.63	40	9	49	1	10.770577933450088
20200916	81.82	45	10	55	0	-3.2019704433497536
20200925	48.84	21	22	43	1	3.0
20200929	82.35	28	6	34	1	3.4031413612565444
20201014	65.52	19	10	29	0	-3.79746835443038
20201021	64.1	25	14	39	0	-3.3707865168539324
20201029	75.38	49	16	65	0	-3.7931034482758617
20201030	70.49	43	18	61	1	6.810035842293908
20201106	85.37	35	6	41	1	4.212299915754001
20201109	97.37	37	1	38	0	-3.0719482619240086
20201110	52.56	41	37	78	1	2.585487906588824
20201116	82.67	62	13	75	0	-3.360655737704918
20201119	89.29	100	12	112	1	3.1516183986371376
20201120	82.29	79	17	96	1	7.1015689512799325
20201124	70.93	61	25	86	0	-2.803738317757009
20201126	45.24	19	23	42	1	6.730769230769233
20201201	56.16	41	32	73	1	6.044776119402987
20201202	62.16	23	14	37	1	6.192821956368754
20201203	57.84	155	113	268	1	3.711066931742877
20201204	59.15	97	67	164	0	-4.15335463258786
20201209	58.97	23	16	39	1	3.6217303822937614
20201218	73.68	28	10	38	0	-2.6143790849673203
20201223	50.0	22	22	44	1	4.284727021423636
20201228	87.84	65	9	74	1	4.852459016393444
20210108	87.5	49	7	56	1	2.5
20210121	66.67	40	20	60	1	2.9958058717795084
20210127	67.74	21	10	31	0	-3.0303030303030303
20210128	76.71	56	17	73	0	-3.786057692307692
20210202	87.83	101	14	115	1	2.7517198248905568
20210203	73.08	57	21	78	0	-3.0432136335970785
20210205	60.0	12	8	20	1	6.158730158730159
20210208	86.49	128	20	148	0	-5.442583732057416
20210219	44.74	17	21	38	0	-4.5825486503452595
20210222	50.0	37	37	74	0	-3.6184210526315774
20210223	70.0	42	18	60	0	-3.7542662116040963
20210225	43.18	38	50	88	0	-3.755215577190543
20210302	54.55	60	50	110	1	3.1029619181946404
20210303	79.22	61	16	77	0	-2.53077975376197
20210305	22.22	6	21	27	0	-2.9202279202279198
20210312	60.64	57	37	94	1	8.38192419825073
20210318	77.14	54	16	70	1	4.133333333333333
20210324	32.0	8	17	25	1	3.2015065913371004
20210405	68.57	72	33	105	1	5.653495440729484
20210406	69.64	39	17	56	0	-3.739930955120829
20210407	61.29	19	12	31	1	3.5265989240884634
20210416	77.08	74	22	96	0	-3.1976744186046515
20210429	43.22	51	67	118	0	-13.235294117647062
20210430	33.93	38	74	112	0	-3.932203389830508
20210507	65.42	70	37	107	0	-4.964539007092199
