id	ratio	positive	negetive	num	라벨링	등락률
20210507	31.71	39	84	123	0	-4.964539007092199
20210430	25.53	156	455	611	0	-3.932203389830508
20210429	24.93	94	283	377	0	-13.235294117647062
20210416	18.0	9	41	50	0	-3.1976744186046515
20210407	43.86	25	32	57	1	3.5265989240884634
20210406	38.24	13	21	34	0	-3.739930955120829
20210405	23.08	3	10	13	1	5.653495440729484
20210324	30.77	4	9	13	1	3.2015065913371004
20210318	23.08	3	10	13	1	4.133333333333333
20210312	30.43	14	32	46	1	8.38192419825073
20210305	28.57	4	10	14	0	-2.9202279202279198
20210303	59.09	13	9	22	0	-2.53077975376197
20210302	43.48	10	13	23	1	3.1029619181946404
20210225	47.62	10	11	21	0	-3.755215577190543
20210223	26.92	7	19	26	0	-3.7542662116040963
20210222	35.48	11	20	31	0	-3.6184210526315774
20210219	14.29	1	6	7	0	-4.5825486503452595
20210208	39.58	19	29	48	0	-5.442583732057416
20210205	25.58	11	32	43	1	6.158730158730159
20210203	26.67	8	22	30	0	-3.0432136335970785
20210202	14.29	3	18	21	1	2.7517198248905568
20210128	47.83	11	12	23	0	-3.786057692307692
20210127	30.77	8	18	26	0	-3.0303030303030303
20210121	26.32	5	14	19	1	2.9958058717795084
20210108	30.77	4	9	13	1	2.5
20201228	0.0	0	8	8	1	4.852459016393444
20201223	33.33	6	12	18	1	4.284727021423636
20201218	23.53	4	13	17	0	-2.6143790849673203
20201209	16.67	4	20	24	1	3.6217303822937614
20201204	37.62	38	63	101	0	-4.15335463258786
20201203	25.38	84	247	331	1	3.711066931742877
20201202	48.57	17	18	35	1	6.192821956368754
20201201	15.0	3	17	20	1	6.044776119402987
20201126	31.58	6	13	19	1	6.730769230769233
20201124	54.76	23	19	42	0	-2.803738317757009
20201120	45.0	9	11	20	1	7.1015689512799325
20201119	30.0	6	14	20	1	3.1516183986371376
20201116	42.86	3	4	7	0	-3.360655737704918
20201110	20.0	2	8	10	1	2.585487906588824
20201109	50.0	4	4	8	0	-3.0719482619240086
20201106	25.0	2	6	8	1	4.212299915754001
20201030	50.0	1	1	2	1	6.810035842293908
20201029	25.0	2	6	8	0	-3.7931034482758617
20201021	58.33	7	5	12	0	-3.3707865168539324
20201014	66.67	2	1	3	0	-3.79746835443038
20200929	0.0	0	2	2	1	3.4031413612565444
20200925	50.0	6	6	12	1	3.0
20200916	17.65	3	14	17	0	-3.2019704433497536
20200901	33.33	5	10	15	1	10.770577933450088
20200831	16.67	1	5	6	1	2.7902790279027903
20200821	40.0	2	3	5	1	2.7052238805970146
20200819	7.69	1	12	13	0	-3.901996370235935
20200814	33.33	1	2	3	0	-7.888040712468192
20200810	45.45	5	6	11	0	-6.4851881505204165
20200731	18.18	2	9	11	1	3.2338308457711435
20200724	0.0	0	2	2	0	-3.0278884462151394
20200716	50.0	3	3	6	1	2.9197080291970803
20200714	50.0	2	2	4	0	-3.268482490272373
20200706	35.71	5	9	14	0	-3.0882352941176467
20200703	0.0	0	1	1	1	10.121457489878543
20200701	40.0	2	3	5	1	8.849557522123892
20200630	35.29	6	11	17	0	-3.91156462585034
20200629	0.0	0	2	2	1	8.38709677419355
20200626	0.0	0	3	3	1	3.333333333333333
20200624	33.33	1	2	3	0	-4.018691588785047
20200615	0.0	0	2	2	1	4.554455445544554
20200612	0.0	0	3	3	0	-4.4465468306527915
20200227	50.0	1	1	2	1	6.299212598425196
20200205	0.0	0	5	5	1	2.9268292682926833
20200130	0.0	0	1	1	0	-3.0476190476190474
20200123	40.0	2	3	5	0	-3.7822878228782284
20200110	33.33	3	6	9	1	4.039408866995074
20200103	100.0	3	0	3	0	-3.272377285851781
20191224	100.0	1	0	1	1	3.5137701804368464
20191121	57.14	4	3	7	1	2.538071065989848
20191107	20.0	1	4	5	1	2.88659793814433
20191030	14.29	2	12	14	1	5.698924731182796
20191029	25.0	1	3	4	0	-3.7267080745341614
20191021	0.0	0	2	2	1	9.691629955947137
20191010	33.33	2	4	6	0	-2.7837259100642395
20190902	15.38	2	11	13	0	-3.5051546391752577
20190830	0.0	0	2	2	1	3.191489361702128
20190823	0.0	0	1	1	0	-2.8729281767955803
20190816	0.0	0	3	3	1	3.057757644394111
20190809	12.5	1	7	8	1	3.016241299303944
20190806	33.33	2	4	6	1	4.202719406674906
20190802	0.0	0	8	8	0	-6.628571428571428
20190726	12.5	1	7	8	0	-3.296703296703297
20190702	37.5	3	5	8	0	-2.9116465863453818
20190621	25.0	1	3	4	0	-2.9608404966571165
20190619	0.0	0	2	2	1	3.6597428288822944
20190617	16.67	1	5	6	1	6.165099268547545
20190604	0.0	0	2	2	1	2.683178534571723
20190527	17.65	3	14	17	1	3.548387096774193
20190524	0.0	0	1	1	0	-3.5269709543568464
20190520	50.0	2	2	4	1	3.09278350515464
20190517	0.0	0	3	3	0	-2.708124373119358
20190509	22.22	2	7	9	1	4.253112033195022
20190508	16.67	1	5	6	0	-3.503503503503504
20190325	25.0	5	15	20	1	2.9000000000000004
20190312	30.77	4	9	13	0	-7.59493670886076
20190308	47.06	8	9	17	0	-4.104803493449782
20190307	24.62	16	49	65	1	2.5067144136078783
20190306	29.41	5	12	17	0	-5.3389830508474585
20190228	40.0	8	12	20	0	-4.351395730706075
20190218	16.67	1	5	6	0	-2.5223759153783565
20190215	40.0	2	3	5	1	2.5876460767946576
20190207	40.0	2	3	5	1	6.707317073170732
20190130	23.08	3	10	13	1	3.3363390441839496
20190117	29.17	7	17	24	1	3.832116788321168
20190114	26.39	19	53	72	1	3.1365313653136533
20190111	18.75	6	26	32	0	-4.828797190517999
20190109	40.0	6	9	15	0	-5.5053410024650775
20190107	0.0	0	3	3	0	-2.713487629688747
20181228	37.5	3	5	8	0	-3.1007751937984502
20181218	50.0	11	11	22	1	7.641741988496302
20181213	30.77	8	18	26	0	-10.094408133623821
20181210	37.5	3	5	8	0	-5.720338983050849
20181206	0.0	0	4	4	1	3.548153511947864
20181203	20.0	1	4	5	0	-2.689655172413793
20181130	71.43	5	2	7	1	2.8368794326241136
20181126	25.0	1	3	4	1	4.0983606557377055
20181116	50.0	4	4	8	1	5.439005439005438
20181114	25.93	7	20	27	1	5.853256389117888
20181113	46.15	6	7	13	0	-3.5771065182829886
20181106	33.33	3	6	9	0	-11.824080749819752
20181102	33.33	5	10	15	1	4.452830188679245
20181101	26.56	17	47	64	1	8.695652173913043
20181031	42.11	8	11	19	0	-4.839968774395004
20181026	44.44	4	5	9	0	-6.0583941605839415
20181025	20.0	1	4	5	0	-2.629708599857853
20181023	50.0	3	3	6	0	-3.050847457627119
20181019	50.0	5	5	10	1	2.7210884353741496
20181018	42.86	3	4	7	1	3.1578947368421053
20181016	41.18	7	10	17	1	2.517985611510792
20181012	80.0	4	1	5	0	-3.6501377410468323
20181011	50.0	4	4	8	1	5.141202027516291
20181010	21.43	3	11	14	0	-3.155680224403927
20181008	33.33	1	2	3	0	-3.8435603506405935
20181001	0.0	0	2	2	1	4.12087912087912
20180921	25.0	1	3	4	0	-5.4874112330535825
20180918	50.0	1	1	2	1	3.7983425414364635
20180913	33.33	3	6	9	0	-4.183266932270916
20180904	0.0	0	4	4	0	-4.088050314465408
20180830	25.0	1	3	4	1	6.416382252559727
20180827	0.0	0	1	1	0	-3.6821705426356592
20180821	33.33	1	2	3	0	-2.8457974851091987
20180820	50.0	1	1	2	1	6.035087719298246
20180813	30.77	4	9	13	1	4.142441860465117
20180810	41.67	5	7	12	0	-3.0985915492957745
20180807	25.0	1	3	4	0	-5.613577023498695
20180802	28.57	2	5	7	1	2.599090318388564
20180731	12.5	1	7	8	1	2.9624753127057275
20180727	18.03	11	50	61	0	-4.9375
20180726	100.0	1	0	1	0	-5.882352941176469
20180724	33.33	1	2	3	1	3.626306084818685
20180720	25.0	1	3	4	0	-4.211150652431791
20180719	25.0	1	3	4	0	-2.991944764096663
20180713	0.0	0	2	2	0	-4.175824175824175
20180711	100.0	1	0	1	1	5.205320994794679
20180710	50.0	2	2	4	0	-2.6463963963963963
20180702	33.33	1	2	3	1	3.9682539682539684
20180629	75.0	3	1	4	0	-2.5
20180627	100.0	4	0	4	0	-4.018369690011482
20180622	33.33	2	4	6	1	3.281519861830743
20180621	37.5	3	5	8	1	5.850091407678245
20180620	50.0	4	4	8	0	-2.6112759643916914
20180619	20.0	2	8	10	1	2.9951100244498776
20180615	33.33	2	4	6	0	-5.436668594563332
20180612	0.0	0	5	5	0	-6.787814003206841
20180608	80.0	4	1	5	1	3.5812672176308538
20180531	100.0	5	0	5	0	-2.7676240208877285
20180529	60.0	3	2	5	1	2.717391304347826
20180523	100.0	1	0	1	1	3.747203579418344
20180518	0.0	0	0	0	1	3.206997084548105
20180511	22.22	2	7	9	0	-4.96054114994363
20180510	23.53	4	13	17	1	3.1395348837209305
20180509	42.86	3	4	7	1	3.5520770620108366
20180508	0.0	0	3	3	1	4.465408805031446
20180504	0.0	0	7	7	0	-2.93040293040293
20180427	0.0	0	3	3	0	-2.735562310030395
20180425	0.0	0	5	5	0	-3.68389780154486
20180420	33.33	1	2	3	0	-3.5858877964141125
20180417	100.0	1	0	1	1	3.23529411764706
20180412	41.18	7	10	17	1	3.29538645895746
20180411	60.0	6	4	10	0	-3.0778164924506384
20180410	33.33	2	4	6	0	-3.4212002243409985
20180330	25.0	2	6	8	0	-3.5886448848419925
20180328	50.0	1	1	2	1	3.6666666666666665
20180323	0.0	0	5	5	1	6.199304750869062
20180322	33.33	2	4	6	0	-6.702702702702703
20180319	83.33	5	1	6	1	5.224719101123594
20180315	0.0	0	0	0	1	4.195402298850575
20180308	60.0	6	4	10	1	4.708652148322543
20180307	0.0	0	2	2	1	6.1875
20180302	57.14	4	3	7	0	-4.002463054187191
20180222	0.0	0	1	1	1	3.036303630363036
20180213	33.33	3	6	9	1	5.6100981767180915
20180209	16.67	2	10	12	0	-3.445899379738112
20180208	30.77	4	9	13	0	-2.6174496644295298
20180205	38.46	5	8	13	1	7.72005772005772
20180202	30.77	4	9	13	0	-5.7142857142857135
20180130	22.22	2	7	9	0	-2.9960053262316912
20180129	0.0	0	3	3	0	-2.5308241401687206
20180126	28.0	7	18	25	0	-3.142677561282212
20180125	25.0	2	6	8	1	4.327868852459017
20180117	66.67	2	1	3	1	12.043795620437956
20180111	33.33	1	2	3	1	3.0732860520094563
20180103	16.67	1	5	6	0	-3.6529680365296797
20180102	33.33	1	2	3	0	-3.736263736263736
20171221	33.33	1	2	3	1	4.296875
20171208	25.0	1	3	4	1	4.731355252606255
20171127	12.5	2	14	16	0	-3.7037037037037033
20171122	0.0	0	1	1	1	2.8615622583139984
20171120	0.0	0	2	2	1	3.472770323599053
20171113	29.41	5	12	17	1	3.6666666666666665
20171108	22.86	8	27	35	0	-3.2467532467532463
20171106	42.86	3	4	7	0	-8.100147275405007
20171025	50.0	1	1	2	0	-3.8690476190476177
20171012	33.33	2	4	6	1	2.7250206440957894
20170929	66.67	4	2	6	0	-2.56
20170922	16.67	2	10	12	0	-3.9525691699604746
20170919	28.57	2	5	7	0	-3.651903651903652
20170907	50.0	1	1	2	1	4.058721934369602
20170831	50.0	2	2	4	1	4.495412844036697
20170814	50.0	1	1	2	1	2.6532479414455628
20170802	50.0	1	1	2	0	-2.580071174377224
20170721	100.0	3	0	3	0	-4.913793103448277
20170717	0.0	0	1	1	0	-2.523128679562657
20170711	30.0	3	7	10	1	2.532751091703057
20170628	23.81	5	16	21	1	3.336259877085163
