id	ratio	positive	negetive	num	라벨링	등락률
20100106	58.33	7	5	12	0	-3.90418986229124
20100107	25.0	1	3	4	1	3.7274182483420986
20100108	50.0	2	2	4	0	-2.9394473838918285
20100111	80.0	4	1	5	1	2.687764990914597
20100113	25.0	1	3	4	1	3.963188362772748
20100115	50.0	1	1	2	1	6.4352856109906
20100118	50.0	4	4	8	0	-3.0230978260869565
20100119	42.86	3	4	7	0	-4.049036777583188
20100122	50.0	2	2	4	0	-5.859947260474657
20100125	50.0	1	1	2	0	-3.804855275443511
20100126	62.5	5	3	8	1	3.955350643047804
20100127	33.33	2	4	6	0	-3.4624961095549334
20100128	66.67	4	2	6	0	-8.599983880067704
20100129	0.0	0	5	5	1	3.130511463844797
20100202	90.0	9	1	10	1	3.819414642519957
20100204	66.67	2	1	3	0	-7.269605037206642
20100210	60.0	3	2	5	1	4.6275395033860045
20100211	57.14	4	3	7	1	14.762260393328354
20100217	80.0	8	2	10	1	3.86117136659436
20100218	71.43	5	2	7	0	-8.66750208855472
20100219	40.0	2	3	5	1	3.0490128820794267
20100223	60.0	3	2	5	0	-3.2916635845846587
20100224	50.0	1	1	2	0	-6.119014838610983
20100226	33.33	1	2	3	1	6.550004088641753
20100303	0.0	0	4	4	0	-2.6863869604587984
20100308	100.0	3	0	3	1	3.0184123151222457
20100311	50.0	1	1	2	1	3.0184123151222457
20100317	83.33	5	1	6	1	4.376135675348274
20100322	66.67	2	1	3	1	2.9109962884797316
20100323	100.0	2	0	2	0	-4.0874054168729215
20100326	100.0	4	0	4	0	-3.90418986229124
20100329	80.0	4	1	5	0	-3.7350407805472976
20100331	33.33	1	2	3	1	4.950337703615415
20100401	100.0	6	0	6	0	-5.3906723198061774
20100408	100.0	4	0	4	1	4.4512899499422405
20100416	50.0	3	3	6	0	-3.0566354142846253
20100421	0.0	0	2	2	0	-3.0566354142846253
20100423	90.0	9	1	10	1	5.609910052075113
20100427	50.0	1	1	2	1	7.892595606183889
20100429	40.0	4	6	10	1	5.775408379468253
20100430	66.67	2	1	3	1	2.8689583871801503
20100504	50.0	2	2	4	0	-2.8365169616048043
20100506	33.33	1	2	3	1	7.600762706292327
20100507	70.0	7	3	10	1	3.263061411549037
20100510	50.0	6	6	12	0	-5.793242203680693
20100511	75.0	6	2	8	0	-2.512562814070352
20100512	0.0	0	1	1	1	4.871134020618557
20100513	50.0	1	1	2	1	2.7340869992627184
20100514	75.0	3	1	4	0	-7.977991746905088
20100518	80.0	4	1	5	1	5.933172405031128
20100519	40.0	2	3	5	0	-8.797073638762292
20100520	80.0	4	1	5	0	-2.9258991386678934
20100524	42.86	3	4	7	0	-3.616905987537253
20100528	80.0	8	2	10	1	4.53125
20100531	60.0	3	2	5	0	-3.4704620783778517
20100607	100.0	4	0	4	1	5.8287921638959785
20100616	85.71	6	1	7	1	3.9746939898225833
20100624	50.0	1	1	2	0	-2.819681376004512
20100625	100.0	2	0	2	0	-4.838241694472654
20100719	80.0	4	1	5	0	-6.0793446835849645
20100721	50.0	2	2	4	0	-4.618578100674624
20100726	30.77	4	9	13	0	-7.292425345957756
20100728	0.0	0	1	1	0	-3.0406726632772783
20100804	40.0	2	3	5	0	-3.606158833063209
20100805	0.0	0	3	3	0	-3.268179907524169
20100806	50.0	1	1	2	1	5.312330255296035
20100810	0.0	0	1	1	0	-3.638965552489012
20100812	100.0	3	0	3	1	4.754256344362351
20100818	33.33	1	2	3	1	7.086029489763446
20100824	50.0	1	1	2	0	-2.6448736998514115
20100826	0.0	0	1	1	0	-2.741554574391621
20100827	66.67	2	1	3	1	4.222972972972973
20100902	50.0	1	1	2	1	3.0945273631840795
20100907	50.0	1	1	2	1	2.854520422212024
20100908	80.0	4	1	5	1	5.559521684811708
20100910	100.0	1	0	1	0	-2.669298772637542
20100913	33.33	1	2	3	0	-2.751322751322751
20100914	100.0	1	0	1	1	3.6361987667754807
20100927	100.0	2	0	2	0	-4.101004515712837
20100928	100.0	3	0	3	1	2.988660388237556
20101001	80.0	4	1	5	0	-2.8086336132935963
20101005	100.0	1	0	1	1	2.9138948749180176
20101012	100.0	1	0	1	1	14.346712211784794
20101014	66.67	2	1	3	1	3.3313900224868824
20101015	50.0	2	2	4	1	4.304021923107923
20101021	100.0	3	0	3	0	-2.6333308676677274
20101022	66.67	2	1	3	0	-2.7045506343538714
20101026	42.86	3	4	7	1	8.071642733154489
20101029	0.0	0	2	2	0	-3.535791757049892
20101102	100.0	3	0	3	1	5.445923206363777
20101103	40.0	2	3	5	1	4.192659219498041
20101111	83.33	5	1	6	0	-6.981724728726442
20101112	100.0	2	0	2	0	-5.118956254796623
20101115	50.0	3	3	6	1	2.8714713257300013
20101117	100.0	9	0	9	1	6.456032884661885
20101125	100.0	2	0	2	0	-3.535955502582439
20101126	85.71	6	1	7	0	-2.5617792421746293
20101203	100.0	1	0	1	1	6.391072787217853
20101210	100.0	2	0	2	1	5.598364522723698
20101215	42.86	3	4	7	0	-6.036824630244492
20101216	0.0	0	0	0	0	-3.5737230966912947
20101222	50.0	1	1	2	0	-3.0095527939808937
20101227	0.0	0	0	0	1	3.2023027795268506
20101228	83.33	5	1	6	1	4.262180772247887
20110105	33.33	1	2	3	1	2.669298772637542
20110107	100.0	1	0	1	1	3.402919212491513
20110113	62.5	5	3	8	1	7.295855560114896
20110117	42.86	3	4	7	1	4.169594752869524
20110120	50.0	1	1	2	0	-5.475548710050059
20110124	66.67	2	1	3	0	-4.625480153649168
20110126	60.0	3	2	5	0	-2.964937120013325
20110214	33.33	1	2	3	0	-13.04772909074749
20110215	71.43	5	2	7	0	-3.178983951753041
20110217	100.0	2	0	2	1	4.8
20110221	50.0	1	1	2	0	-2.7046191247974067
20110223	66.67	2	1	3	0	-3.7940957049984014
20110224	66.67	2	1	3	1	3.9437243824083295
20110308	66.67	2	1	3	1	7.367875647668394
20110309	57.14	4	3	7	1	9.448894894315222
20110310	40.0	4	6	10	0	-3.1393298059964727
20110311	45.45	5	6	11	0	-7.292425345957756
20110314	50.0	3	3	6	0	-3.9281154865953054
20110316	50.0	1	1	2	0	-3.6223036223036233
20110318	100.0	1	0	1	1	4.6980574324324325
20110323	100.0	2	0	2	1	3.1360290410406373
20110329	100.0	2	0	2	1	3.9800995024875614
20110406	100.0	2	0	2	0	-2.5122318404215283
20110414	100.0	5	0	5	1	5.1985981308411215
20110418	33.33	1	2	3	0	-3.3779295948382204
20110421	83.33	5	1	6	0	-2.610481032459914
20110422	100.0	3	0	3	0	-4.015661078205
20110425	50.0	2	2	4	0	-4.18366279677858
20110506	28.57	2	5	7	1	3.4907138062206307
20110525	33.33	1	2	3	1	2.943121693121693
20110530	50.0	1	1	2	1	2.8455717787488015
20110608	75.0	3	1	4	1	3.2227979274611402
20110613	100.0	5	0	5	0	-2.6567164179104483
20110617	100.0	5	0	5	1	4.61139896373057
20110622	75.0	3	1	4	1	5.360907539403675
20110623	0.0	0	3	3	1	2.5440686040971894
20110701	50.0	3	3	6	1	4.601053820097857
20110706	50.0	1	1	2	0	-3.2808036125702698
20110715	90.91	10	1	11	1	2.7641987378899646
20110718	70.0	7	3	10	1	2.6898460473966437
20110719	50.0	3	3	6	0	-2.989977259327887
20110726	75.0	3	1	4	1	8.747327917913639
20110804	63.64	7	4	11	0	-4.856718981806824
20110805	100.0	1	0	1	0	-10.225687320475995
20110808	64.29	9	5	14	0	-13.008501691196635
20110809	16.67	1	5	6	1	14.491382934005886
20110811	62.5	5	3	8	1	14.806152739048304
20110812	77.78	7	2	9	1	8.015356891013083
20110816	44.44	4	5	9	0	-2.5823298998984483
20110817	100.0	5	0	5	1	3.976172747580045
20110818	83.33	5	1	6	0	-11.465196218848467
20110819	33.33	2	4	6	0	-5.75911995470355
20110822	80.0	4	1	5	1	9.544245129173461
20110823	100.0	1	0	1	1	8.015356891013083
20110824	75.0	6	2	8	0	-10.967648338894527
20110826	60.0	3	2	5	1	3.565692258271764
20110830	88.89	8	1	9	1	5.067233913241663
20110901	71.43	5	2	7	1	13.484725201568162
20110902	80.95	17	4	21	1	4.060748272715422
20110905	50.0	12	12	24	0	-5.292828061384278
20110906	33.33	3	6	9	1	15.0
20110908	62.5	5	3	8	0	-2.8122843340234644
20110914	50.0	2	2	4	0	-5.2116882356385785
20110915	55.56	5	4	9	1	5.220238462964106
20110919	40.0	4	6	10	1	14.90837620671715
20110920	86.67	13	2	15	1	9.175973437971626
20110921	42.86	6	8	14	1	12.293797806653767
20110923	65.22	15	8	23	0	-14.02151983860121
20110926	50.0	6	6	12	1	7.611458740711771
20110928	87.5	7	1	8	1	2.563533951301725
20110929	53.85	7	6	13	1	6.343783783783784
20111004	60.0	3	2	5	0	-11.77692683721688
20111005	33.33	2	4	6	0	-5.748718659094057
20111007	71.43	5	2	7	1	12.285548124454785
20111010	60.0	9	6	15	0	-3.068755664897061
20111011	55.56	5	4	9	1	3.5622050048980323
20111012	83.33	5	1	6	1	2.8678304239401498
20111013	83.33	5	1	6	1	3.719958202716824
20111019	60.0	6	4	10	0	-7.268450221283042
20111020	0.0	0	2	2	1	3.2504944535213687
20111024	90.0	9	1	10	1	14.965121050471893
20111027	33.33	1	2	3	0	-12.343206493095815
20111114	55.56	5	4	9	0	-6.237912858822192
20111115	57.14	4	3	7	0	-4.6792849631966345
20111116	25.0	1	3	4	1	3.776146633289491
20111117	100.0	2	0	2	0	-3.454761028660206
20111122	50.0	2	2	4	0	-5.342057313235051
20111128	50.0	2	2	4	1	9.833195097226064
20111129	78.57	11	3	14	0	-3.356267830172848
20111202	16.67	1	5	6	0	-2.8515240904621435
20111205	33.33	1	2	3	0	-4.8891040309804605
20111208	100.0	7	0	7	0	-2.7191042950557467
20111213	75.0	3	1	4	0	-5.8329286061194745
20111214	60.0	3	2	5	0	-6.653257001392541
20111215	100.0	5	0	5	1	7.127465605834576
20111216	55.56	5	4	9	0	-10.552375058022587
20111220	50.0	2	2	4	1	5.587580617544661
20111221	80.0	8	2	10	1	7.210810810810813
20111226	50.0	1	1	2	0	-6.480662120660037
20111228	100.0	6	0	6	1	7.316404321834037
20111229	66.67	4	2	6	1	8.407011805591045
20120109	0.0	0	3	3	1	2.5121136566778004
20120113	50.0	3	3	6	1	7.114471261025492
20120117	80.0	4	1	5	0	-2.819966450559913
20120119	50.0	4	4	8	0	-3.811338732729872
20120126	85.71	12	2	14	0	-4.203770956668822
20120127	66.67	8	4	12	0	-4.3882426256751135
20120130	50.0	4	4	8	1	5.073054152408886
20120202	71.43	5	2	7	0	-2.8864864864864863
20120203	75.0	6	2	8	0	-7.920516531225648
20120208	33.33	1	2	3	1	3.40240169531434
20120213	16.67	1	5	6	1	5.595926074269039
20120220	66.67	4	2	6	1	3.577179664136186
20120221	16.67	1	5	6	0	-3.4536368684064414
20120222	0.0	0	3	3	0	-3.0710835058661146
20120223	0.0	0	3	3	1	2.9013883944464225
20120224	57.14	4	3	7	0	-3.0732860520094563
20120227	50.0	1	1	2	0	-2.908982748364069
20120305	37.5	3	5	8	0	-3.4476588130032813
20120312	33.33	2	4	6	1	2.8861476716047925
20120315	80.0	4	1	5	1	6.126663607159247
20120322	83.33	5	1	6	0	-6.036416757969429
20120327	0.0	0	1	1	0	-6.324889205011762
20120328	33.33	2	4	6	0	-2.599147246072075
20120402	78.57	11	3	14	1	7.445726930207522
20120403	44.44	4	5	9	0	-4.207948346877435
20120405	62.5	5	3	8	1	12.101307769690516
20120409	66.67	8	4	12	1	3.0086929363385564
20120410	56.25	9	7	16	0	-2.69341553388246
20120412	75.0	6	2	8	1	4.850436227669298
20120416	57.14	8	6	14	1	4.887067759344394
20120417	100.0	4	0	4	1	7.417818008575512
20120420	33.33	4	8	12	1	2.5579854208084822
20120424	28.57	2	5	7	0	-8.628747795414464
20120427	88.89	8	1	9	0	-4.384770668043754
20120430	75.0	3	1	4	1	6.770756616094662
20120502	44.44	4	5	9	0	-2.8648946932769244
20120503	41.67	5	7	12	1	4.421720399564457
20120504	55.56	10	8	18	0	-2.819966450559913
20120507	57.14	4	3	7	1	4.147422439934687
20120508	100.0	5	0	5	1	3.3864898763662428
20120510	66.67	6	3	9	1	3.675351224392154
20120511	10.0	1	9	10	1	8.210270179560329
20120514	60.0	15	10	25	1	2.5859729383941383
20120515	50.0	13	13	26	0	-3.866213151927437
20120517	82.35	14	3	17	0	-5.658412404535987
20120518	57.14	4	3	7	1	2.9069054335827302
20120521	81.82	9	2	11	1	9.896702423520065
20120522	66.67	12	6	18	0	-3.2175264813275004
20120524	60.71	17	11	28	0	-4.1263126646628825
20120529	26.32	5	14	19	1	5.890369473046638
20120604	62.5	10	6	16	1	8.145028383080021
20120607	66.67	8	4	12	1	3.7489043220281832
20120611	33.33	3	6	9	1	6.075909163093537
20120613	71.43	20	8	28	1	4.450200141276195
20120614	35.71	5	9	14	1	4.133791704238051
20120618	61.11	11	7	18	0	-7.100527668786363
20120620	54.55	6	5	11	1	6.953604730498067
20120621	83.33	10	2	12	1	6.384562224230503
20120627	53.85	7	6	13	0	-3.61562110933252
20120628	38.46	5	8	13	0	-3.8698792639848167
20120702	55.56	5	4	9	1	9.291585342386671
20120709	53.85	7	6	13	0	-3.734190885310424
20120712	77.78	7	2	9	0	-3.5673101027826526
20120713	40.0	4	6	10	0	-5.664595627420907
20120717	50.0	6	6	12	0	-5.416782054832456
20120718	57.14	4	3	7	1	12.499268021315222
20120720	54.55	6	5	11	0	-5.90963572880296
20120723	37.5	3	5	8	1	4.680144004430908
20120727	63.16	12	7	19	0	-2.9835735836406303
20120731	33.33	2	4	6	1	5.549829110833831
20120801	73.33	11	4	15	0	-2.742084703947368
20120803	56.25	9	7	16	1	8.846225239320093
20120808	40.0	4	6	10	1	6.372025254978143
20120813	64.29	9	5	14	0	-2.639028399232947
20120816	35.71	5	9	14	1	3.420795078529151
20120820	25.0	2	6	8	1	2.5107912043210017
20120821	45.45	5	6	11	1	2.943121693121693
20120823	72.73	8	3	11	1	4.2837402118839245
20120827	53.33	8	7	15	1	6.6787859626936426
20120828	59.09	13	9	22	1	6.590353411869304
20120903	59.26	16	11	27	0	-8.079388475645287
20120905	57.89	11	8	19	0	-4.0924481083468285
20120906	68.18	15	7	22	1	5.80199539524175
20120910	72.73	8	3	11	1	8.146844355041488
20120913	53.33	8	7	15	0	-4.362013288924207
20120914	44.44	8	10	18	0	-4.559195290540421
20120917	23.81	5	16	21	1	5.436393272579092
20120918	73.91	17	6	23	1	2.812571368339687
20120920	81.82	9	2	11	1	3.443690774746268
20120921	73.33	11	4	15	0	-3.7618574984949316
20121002	45.45	5	6	11	1	7.96997311782508
20121011	50.0	10	10	20	1	2.6724437838008788
20121012	55.56	10	8	18	0	-3.562407589945786
20121016	31.25	5	11	16	1	2.5825496427015957
20121017	57.14	8	6	14	0	-8.252350850709188
20121019	22.22	4	14	18	1	3.1252744936141807
20121022	39.13	9	14	23	0	-4.696603182174372
20121029	50.0	5	5	10	1	3.1781213692018944
20121102	90.91	10	1	11	1	2.5259781482842727
20121105	60.0	18	12	30	0	-5.507576992015642
20121109	90.62	29	3	32	1	7.715797692374425
20121113	57.14	12	9	21	0	-3.0219202458950094
20121115	73.68	14	5	19	0	-9.049660533471233
20121116	36.0	9	16	25	1	2.6099556142474603
20121119	73.08	19	7	26	1	11.604254178210745
20121120	67.86	19	9	28	0	-3.1327578198824417
20121123	83.33	10	2	12	0	-2.564059081890485
20121126	91.67	11	1	12	0	-3.7158222670866894
20121129	57.14	4	3	7	0	-4.242324199405745
20121130	50.0	4	4	8	0	-5.280698730104005
20121203	33.33	3	6	9	1	5.935048127477149
20121204	66.67	10	5	15	0	-12.903964724072766
20121205	46.67	7	8	15	0	-9.161242246915203
20121206	13.64	3	19	22	1	3.218568292035612
20121210	33.33	2	4	6	0	-3.3524532096254487
20121217	57.14	8	6	14	0	-5.004938328318442
20121218	86.67	13	2	15	0	-12.150007253735676
20121221	37.5	9	15	24	1	10.723090677575787
20121226	40.0	4	6	10	1	8.315701422034149
20130103	50.0	5	5	10	1	4.959912709331562
20130109	55.56	5	4	9	0	-6.199545771401588
20130114	53.33	8	7	15	0	-4.873633310307043
20130116	33.33	2	4	6	0	-4.045074408145734
20130121	100.0	2	0	2	0	-2.7063492063492065
20130122	61.54	8	5	13	1	2.7816298229871936
20130125	60.0	3	2	5	0	-7.06087499674674
20130130	50.0	4	4	8	0	-5.303118454735864
20130204	41.94	13	18	31	1	3.042831647828673
20130205	42.86	12	16	28	0	-3.593799613197472
20130206	11.11	1	8	9	0	-4.928438828672375
20130207	38.1	8	13	21	1	2.941546989166037
20130208	55.56	5	4	9	1	3.402068163739828
20130213	72.73	8	3	11	1	8.814131013669448
20130214	72.0	18	7	25	1	2.7816298229871936
20130218	58.33	7	5	12	1	6.724435806068459
20130221	88.89	8	1	9	1	3.5162717141515727
20130225	88.89	8	1	9	1	3.0095164484807486
20130226	62.5	10	6	16	1	2.7105608703807915
20130304	55.56	5	4	9	1	10.081895155693331
20130311	46.67	7	8	15	1	3.9296679993815022
20130315	66.67	2	1	3	0	-4.572224006852982
20130320	33.33	1	2	3	1	3.6000989408828223
20130401	100.0	2	0	2	1	6.923243243243244
20130404	72.73	8	3	11	0	-6.1082332626952365
20130405	50.0	6	6	12	0	-10.223401809784539
20130408	40.0	8	12	20	1	2.7956889126841875
20130410	66.67	4	2	6	1	5.7520818678949865
20130411	63.64	7	4	11	1	4.578809595331073
20130415	84.62	11	2	13	1	3.074107959743824
20130416	52.94	9	8	17	1	3.1579777896127967
20130417	63.16	12	7	19	0	-3.912195495047611
20130422	75.0	6	2	8	0	-3.1859428480458485
20130423	50.0	5	5	10	1	4.205463402602208
20130424	66.67	4	2	6	0	-6.140402785174666
20130425	72.73	8	3	11	1	3.738651647612644
20130429	70.0	7	3	10	0	-6.054917170383513
20130503	43.75	7	9	16	1	3.910866525328162
20130507	63.64	14	8	22	1	6.311260921630372
20130516	70.0	7	3	10	1	6.101852466635681
20130522	25.0	2	6	8	0	-4.673839946200403
20130528	77.78	7	2	9	0	-2.523741949568824
20130529	36.36	4	7	11	0	-2.8892024457434657
20130530	50.0	2	2	4	0	-4.204432759058096
20130531	50.0	4	4	8	0	-4.603235747303544
20130605	66.67	2	1	3	0	-5.9552327228704645
20130612	14.29	1	6	7	0	-5.759479717813053
20130613	53.33	8	7	15	0	-2.9914030060237438
20130617	63.64	7	4	11	1	3.2076719576719577
20130618	75.0	3	1	4	0	-7.899565989921645
20130621	60.0	6	4	10	0	-6.212482134349692
20130624	25.0	2	6	8	0	-5.120390124961904
20130625	16.67	2	10	12	1	8.887461184280971
20130626	42.86	3	4	7	0	-2.625626905300422
20130628	77.78	7	2	9	1	4.348998718899602
20130702	44.44	4	5	9	0	-4.9843039272214735
20130704	33.33	1	2	3	0	-2.7983838919062127
20130710	22.22	2	7	9	1	5.625248544882687
20130715	83.33	5	1	6	1	4.855660956800655
20130718	55.56	5	4	9	0	-2.9014360313315932
20130719	87.5	7	1	8	0	-3.28728446102652
20130723	60.0	3	2	5	1	4.60079324021383
20130726	77.78	7	2	9	1	6.313356447086017
20130801	62.5	10	6	16	1	2.5297666045542115
20130805	64.71	11	6	17	0	-3.5128236295125808
20130812	61.54	8	5	13	0	-5.13568999807532
20130819	42.86	3	4	7	0	-3.5390576350930605
20130820	57.14	4	3	7	0	-3.0305203887673486
20130821	40.0	2	3	5	0	-7.237961387676602
20130823	45.45	5	6	11	1	2.828764402065952
20130826	20.0	1	4	5	0	-6.015763851325247
20130827	27.27	3	8	11	0	-3.654676258992805
20130905	80.0	8	2	10	0	-4.645840025698684
20130910	50.0	2	2	4	1	3.619308690624063
20130911	42.86	3	4	7	1	4.7784391534391535
20130924	60.0	3	2	5	0	-2.631371311346063
20130925	50.0	3	3	6	1	4.683764839350109
20130926	62.5	5	3	8	1	4.648372489066069
20130927	50.0	3	3	6	0	-3.4543975146090684
20131004	30.0	3	7	10	0	-5.72711301971501
20131008	45.45	5	6	11	0	-6.193308863856896
20131010	45.45	5	6	11	0	-5.999550258601304
20131011	42.86	9	12	21	0	-3.401751112386968
20131015	68.42	13	6	19	0	-4.565897536175205
20131016	47.62	10	11	21	0	-3.8725540415940993
20131017	47.37	9	10	19	1	7.822657998507942
20131022	54.55	6	5	11	0	-3.6481204458813883
20131023	75.0	6	2	8	1	3.1201482446035964
20131104	40.0	2	3	5	0	-4.0426499570468435
20131105	54.55	6	5	11	0	-4.91863710569277
20131106	42.86	3	4	7	0	-5.173082248684575
20131108	61.54	8	5	13	0	-4.636606004404776
20131112	42.86	9	12	21	1	7.176604270079541
20131113	50.0	10	10	20	0	-5.206182690698063
20131115	61.54	8	5	13	1	4.269609018949389
20131118	80.0	8	2	10	0	-3.5829307568438
20131119	60.0	6	4	10	1	4.777810915597971
20131120	75.0	6	2	8	0	-3.290447455311397
20131121	80.0	4	1	5	1	5.757004944666822
20131122	75.0	12	4	16	1	10.397417343871759
20131127	70.0	7	3	10	1	2.587961616749055
20131129	77.78	7	2	9	0	-4.393846732840947
20131203	71.43	10	4	14	0	-3.225494462981769
20131204	64.71	11	6	17	0	-4.2224665200879485
20131209	58.33	7	5	12	1	3.230162027420025
20131211	44.44	8	10	18	1	3.5215453194650816
20131212	50.0	4	4	8	1	2.5549016793454857
20131213	80.0	8	2	10	0	-2.696524376020527
20131216	63.64	7	4	11	0	-3.624682360838088
20131217	58.82	10	7	17	1	7.964777871747675
20131220	64.29	9	5	14	1	3.229909598873393
20131224	60.0	6	4	10	0	-3.935195431809128
20131226	70.0	7	3	10	1	3.8936503548060086
20131230	69.23	9	4	13	0	-3.3730424307321636
20140107	57.14	4	3	7	0	-5.359792284866469
20140114	100.0	6	0	6	1	6.107087061496947
20140116	66.67	6	3	9	0	-2.57814587229495
20140117	75.0	6	2	8	0	-2.8429087252616667
20140121	85.71	6	1	7	1	2.7295870262115782
20140124	77.78	7	2	9	0	-6.342112769801274
20140128	92.86	13	1	14	1	3.8031995170540296
20140204	72.73	8	3	11	1	3.0588697402661165
20140205	90.91	10	1	11	0	-2.9680800381133885
20140207	50.0	6	6	12	1	5.326748813348036
20140212	36.36	12	21	33	1	14.909025884035945
20140221	80.0	8	2	10	0	-3.8403784067872966
20140224	50.0	5	5	10	1	3.4706226820222525
20140225	63.64	7	4	11	0	-4.191820102626019
20140226	83.33	5	1	6	0	-3.855393218603552
20140305	75.0	3	1	4	1	6.6173216943561695
20140306	92.86	13	1	14	0	-2.852399637790522
20140307	57.14	4	3	7	0	-2.9361503806120863
20140311	25.0	2	6	8	0	-5.583242170090354
20140312	57.14	4	3	7	1	2.862292408702742
20140313	80.0	8	2	10	0	-4.084272006675008
20140314	50.0	4	4	8	0	-7.542081684137273
20140318	45.45	5	6	11	1	2.9138948749180176
20140321	50.0	5	5	10	1	2.9818051768071885
20140325	0.0	0	5	5	0	-3.128850554479845
20140327	50.0	5	5	10	1	4.23448338395974
20140328	73.33	11	4	15	1	8.320647209777741
20140401	62.5	10	6	16	1	14.984721460471675
20140402	63.16	12	7	19	1	14.997785424687404
20140403	60.0	18	12	30	1	3.4278434509525084
20140407	45.83	11	13	24	0	-7.958317697658979
20140411	46.15	6	7	13	1	8.902168555938886
20140414	64.0	16	9	25	0	-3.2697855971035814
20140416	44.44	4	5	9	0	-4.517626577687509
20140417	60.0	6	4	10	1	2.974960495928042
20140422	72.73	8	3	11	0	-3.6577131953618087
20140424	72.73	8	3	11	0	-2.5233672768537043
20140508	50.0	3	3	6	0	-3.9574193944228
20140512	68.75	11	5	16	1	8.641228181934006
20140513	52.63	20	18	38	1	2.6092820076812573
20140520	66.67	6	3	9	1	3.530442880227876
20140523	76.47	13	4	17	0	-4.195932487682147
20140526	68.75	11	5	16	1	7.0551224182738315
20140530	81.82	9	2	11	0	-2.7969917247277207
20140605	75.0	12	4	16	1	6.0903681078519165
20140610	77.78	14	4	18	1	5.93977659057795
20140616	68.42	13	6	19	1	4.183744316782009
20140619	61.9	13	8	21	1	3.807688189313631
20140620	71.43	10	4	14	1	4.037299114971221
20140624	92.31	12	1	13	1	3.298783939411684
20140626	56.25	9	7	16	1	7.6784343821949355
20140627	71.43	10	4	14	1	3.169879904493781
20140701	36.36	4	7	11	1	13.030220435419574
20140703	62.5	20	12	32	1	5.820939916716241
20140704	71.43	15	6	21	1	14.999859459763329
20140708	72.41	21	8	29	0	-2.947060917381645
20140710	85.0	17	3	20	0	-3.016217981734357
20140724	38.46	5	8	13	1	6.957904300423985
20140729	43.75	7	9	16	1	6.41353098610483
20140801	52.0	13	12	25	1	11.052725013314397
20140805	61.54	16	10	26	1	14.418541411732711
20140807	52.63	20	18	38	1	6.193540001299797
20140813	65.38	17	9	26	1	4.354652193363777
20140814	80.65	25	6	31	1	6.762921620965785
20140822	78.12	25	7	32	0	-9.987368047809351
20140825	63.33	19	11	30	1	2.846919598526069
20140826	71.43	15	6	21	0	-6.883977018831791
20140828	65.38	17	9	26	0	-6.473201214666344
20140829	42.86	15	20	35	1	3.4203629663419823
20140902	40.91	9	13	22	1	3.61696899861896
20140905	70.83	17	7	24	0	-2.689455425061269
20140911	50.0	9	9	18	0	-5.673120952443253
20140912	40.0	10	15	25	0	-6.630662806220634
20140915	52.38	11	10	21	1	14.864124632110595
20140922	52.17	12	11	23	1	4.727055668214823
20140924	63.16	12	7	19	1	9.348843365801622
20140926	47.37	9	10	19	0	-3.5449587470283883
20140929	54.17	13	11	24	1	11.862993838347228
20141006	46.88	15	17	32	0	-4.251551833250299
20141007	31.58	6	13	19	1	5.378324977675276
20141013	40.62	13	19	32	0	-3.5879155037631776
20141014	64.29	18	10	28	1	2.8063411923691666
20141015	50.0	12	12	24	1	4.154322470440653
20141020	96.3	26	1	27	1	2.5644803772086053
20141027	70.37	19	8	27	1	3.4786806310875384
20141031	71.43	15	6	21	0	-8.711728262696392
20141103	18.75	6	26	32	0	-6.832278420741888
20141105	68.18	30	14	44	0	-9.151306599434431
20141107	54.17	13	11	24	1	5.0861806488983285
20141110	60.61	20	13	33	0	-5.845605902139808
20141111	61.11	11	7	18	0	-4.539313699000272
20141113	54.84	17	14	31	0	-3.1685314956057145
20141114	44.44	8	10	18	0	-8.250101956770331
20141117	42.5	17	23	40	1	3.1010319341793333
20141118	57.69	15	11	26	1	5.263157894736842
20141119	61.9	26	16	42	0	-4.643430774172823
20141120	48.28	14	15	29	1	6.816688844346375
20141121	74.19	23	8	31	1	3.1561435599848617
20141124	50.0	21	21	42	0	-3.875109871211832
20141202	64.0	16	9	25	1	7.2471521696187535
20141205	64.71	11	6	17	0	-5.313706267998286
20141208	70.83	17	7	24	0	-4.316104505378953
20141212	66.67	10	5	15	0	-3.8144572639510246
20141215	61.9	13	8	21	0	-6.6873579297079875
20141216	25.0	8	24	32	1	15.000327927218894
20141219	72.22	13	5	18	0	-3.657553625477037
20141222	78.79	26	7	33	0	-4.024347558841357
20141223	44.0	11	14	25	1	3.243998114264875
20141224	74.07	20	7	27	0	-3.065391574050142
20141226	68.18	15	7	22	1	7.510310011376562
20141230	64.71	11	6	17	1	6.9376104615946295
20150105	72.73	16	6	22	1	4.247012074913751
20150106	41.38	12	17	29	1	3.2850462802225
20150108	77.27	17	5	22	1	3.14455624774606
20150113	40.0	10	15	25	1	2.6457808651371324
20150120	76.47	13	4	17	1	5.8686899969030675
20150121	57.14	16	12	28	0	-3.2807422528314603
20150122	40.0	8	12	20	1	13.859374589064512
20150126	53.57	15	13	28	0	-5.392935306719948
20150127	47.22	17	19	36	1	3.203281410225109
20150128	52.94	18	16	34	0	-5.260231842914597
20150202	47.06	16	18	34	1	2.5524879114022774
20150206	64.0	16	9	25	0	-2.5595945692298065
20150209	51.16	22	21	43	1	3.254804512678263
20150210	51.79	29	27	56	0	-6.028307049400527
20150211	56.36	31	24	55	0	-3.002369072355969
20150213	60.71	17	11	28	0	-3.304846833457188
20150216	62.96	17	10	27	1	5.886329512058009
20150217	56.0	14	11	25	1	2.51073581494748
20150223	75.86	22	7	29	0	-3.0903977395648266
20150226	21.43	3	11	14	1	7.185872672093638
20150302	85.71	18	3	21	1	2.9859443983455063
20150305	72.41	21	8	29	1	2.6156485509466334
20150310	60.0	18	12	30	0	-3.735880321135177
20150311	46.88	15	17	32	1	4.312408706034948
20150317	88.89	24	3	27	0	-9.516787155719165
20150324	33.33	5	10	15	1	6.277444299393491
20150331	76.0	19	6	25	0	-2.6493005869812807
20150402	73.08	19	7	26	1	4.0299023523660775
20150409	78.57	11	3	14	0	-2.782122128384249
20150416	63.33	19	11	30	0	-2.8477485853616487
20150420	59.09	13	9	22	1	2.7573378213361512
20150424	61.11	11	7	18	1	5.8178497158337095
20150429	38.71	12	19	31	0	-3.9279576052706964
20150430	10.0	2	18	20	0	-5.5247040115289545
20150506	50.0	11	11	22	1	5.902839382051638
20150507	60.0	12	8	20	0	-2.8697475863095976
20150511	70.97	22	9	31	0	-7.705387564572544
20150512	50.94	27	26	53	0	-4.423724895448783
20150515	38.1	8	13	21	0	-5.160995495462821
20150521	60.0	6	4	10	0	-3.6593953492052185
20150522	63.16	12	7	19	0	-8.692367076756295
20150528	61.54	8	5	13	1	5.81325514025295
20150529	70.0	14	6	20	1	2.8946797322337776
20150601	50.0	11	11	22	0	-2.525268913152814
20150602	53.85	14	12	26	1	4.293406346485132
20150609	53.85	7	6	13	0	-5.25215448451963
20150610	33.33	2	4	6	0	-3.1455810271353726
20150616	55.56	5	4	9	1	7.392081508624543
20150618	57.14	8	6	14	1	6.520052849166772
20150626	80.0	4	1	5	0	-4.2714831958140485
20150630	72.73	8	3	11	1	9.047640190027973
20150701	56.25	9	7	16	1	3.4070551447835578
20150702	61.54	8	5	13	0	-2.5789838409928496
20150703	45.0	9	11	20	0	-3.2349065983364724
20150706	54.55	6	5	11	1	6.914986926848828
20150709	52.17	12	11	23	1	5.654308710649802
20150710	70.59	12	5	17	1	5.083312499080842
20150713	95.65	22	1	23	0	-8.147956363229232
20150715	68.75	11	5	16	1	5.088722458746386
20150723	73.33	11	4	15	1	2.8980427457321984
20150724	31.25	5	11	16	0	-6.408559196723722
20150727	37.5	6	10	16	0	-5.868826152051812
20150807	41.67	5	7	12	1	5.479452054794519
20150811	50.0	3	3	6	1	3.150912106135987
20150818	50.0	9	9	18	0	-4.568527918781727
20150820	36.84	7	12	19	0	-6.076854334226987
20150821	34.62	9	17	26	0	-4.9476688867745
20150824	33.33	6	12	18	1	4.104104104104104
20150825	56.25	9	7	16	1	5.5769230769230775
20150828	60.0	6	4	10	0	-2.9357798165137616
20150904	26.67	4	11	15	0	-3.0097087378640777
20150917	50.0	8	8	16	1	7.1080817916260965
20150923	33.33	5	10	15	1	3.4703196347031966
20151005	76.47	13	4	17	0	-2.7586206896551726
20151007	68.75	11	5	16	0	-2.721685689201053
20151013	47.83	11	12	23	1	4.036697247706424
20151021	69.23	9	4	13	0	-4.5904590459045895
20151023	85.71	12	2	14	1	9.82824427480916
20151105	41.67	5	7	12	1	4.5178105994787146
20151106	64.29	9	5	14	0	-3.9900249376558596
20151109	50.0	9	9	18	0	-9.177489177489175
20151111	62.96	17	10	27	0	-3.608736942070275
20151116	21.43	3	11	14	1	3.075396825396825
20151125	54.17	13	11	24	1	9.661835748792267
20151130	33.33	2	4	6	1	4.504504504504505
20151204	63.64	7	4	11	1	4.477611940298506
20151207	43.75	7	9	16	0	-4.369747899159663
20151211	38.1	8	13	21	0	-3.368794326241135
20151216	86.67	13	2	15	1	3.333333333333333
20151221	69.57	16	7	23	0	-2.964254577157804
20151228	40.0	8	12	20	1	3.800904977375565
20151229	86.67	13	2	15	1	3.3129904097646032
20160105	77.78	7	2	9	0	-3.3078880407124682
20160108	35.71	5	9	14	1	3.53045013239188
20160115	70.83	17	7	24	1	7.796610169491526
20160120	60.0	9	6	15	1	4.552469135802468
20160121	24.0	6	19	25	1	7.084870848708488
20160122	71.43	20	8	28	0	-4.203997243280496
20160126	38.1	8	13	21	0	-4.078762306610408
20160129	65.22	15	8	23	0	-3.908554572271387
20160222	72.22	13	5	18	0	-6.14359733530718
20160224	45.0	9	11	20	0	-3.822152886115445
20160304	56.25	9	7	16	0	-3.2076984763432232
20160307	35.71	5	9	14	0	-3.065451532725766
20160309	75.0	9	3	12	1	3.8135593220338975
20160321	40.0	6	9	15	1	6.276505513146735
20160324	17.65	3	14	17	0	-2.938840349483717
20160401	41.67	5	7	12	1	3.2
20160407	42.11	8	11	19	0	-3.0256012412723043
20160429	44.44	4	5	9	0	-3.4775888717156103
20160503	53.85	7	6	13	1	3.456402199528672
20160608	30.77	4	9	13	1	4.250559284116331
20160621	50.0	5	5	10	0	-3.301540719002201
20160623	12.5	2	14	16	0	-5.128205128205128
20160624	50.0	7	7	14	1	2.7027027027027017
20160629	78.57	11	3	14	1	3.543307086614173
20160713	81.82	18	4	22	0	-3.0110935023771788
20160719	47.06	8	9	17	0	-4.177109440267335
20160729	64.71	11	6	17	0	-2.5951557093425603
20160809	60.0	6	4	10	1	5.338078291814947
20160810	71.43	30	12	42	0	-4.222972972972973
20160819	58.33	7	5	12	0	-3.3834586466165413
20160822	29.17	7	17	24	1	3.891050583657588
20160823	64.29	9	5	14	0	-2.528089887640449
20160824	31.25	5	11	16	1	4.322766570605188
20160830	72.73	8	3	11	0	-3.0075187969924815
20160831	31.58	6	13	19	1	6.686046511627906
20160908	63.64	14	8	22	0	-2.580071174377224
20160909	34.78	8	15	23	0	-3.6529680365296797
20160912	45.45	10	12	22	0	-3.0331753554502368
20160920	63.64	7	4	11	1	2.6341463414634148
20161012	41.67	5	7	12	0	-3.7151702786377694
20161013	29.41	5	12	17	1	3.429796355841372
20161028	58.33	7	5	12	0	-3.1600407747196737
20161031	22.22	4	14	18	0	-2.736842105263158
20161104	20.0	2	8	10	1	3.6637931034482754
20161108	64.52	20	11	31	0	-9.424083769633508
20161110	55.56	5	4	9	0	-2.5581395348837206
20161115	35.29	6	11	17	1	3.6319612590799033
20161121	50.0	5	5	10	1	3.32541567695962
20161128	53.33	8	7	15	0	-2.5
20161201	69.23	9	4	13	0	-3.690476190476192
20161202	40.0	8	12	20	0	-2.9666254635352285
20161207	50.0	8	8	16	1	3.4869240348692405
20161208	90.91	10	1	11	1	3.3694344163658236
20161213	100.0	5	0	5	1	3.8372093023255816
20161229	56.25	9	7	16	1	4.357798165137615
20170102	53.33	8	7	15	1	5.494505494505495
20170109	85.71	12	2	14	0	-3.171247357293869
20170116	36.36	4	7	11	0	-2.7412280701754383
20170120	28.57	2	5	7	1	2.57847533632287
20170123	58.33	7	5	12	0	-2.5136612021857925
20170124	27.27	6	16	22	0	-3.251121076233184
20170126	66.67	8	4	12	0	-2.508551881413911
20170131	18.75	3	13	16	1	2.5730994152046787
20170203	50.0	4	4	8	1	3.3642691415313224
20170207	42.86	6	8	14	1	10.879120879120881
20170208	52.78	19	17	36	1	4.955401387512389
20170221	83.33	15	3	18	1	3.0520646319569122
20170224	46.67	7	8	15	0	-4.757709251101322
20170303	40.0	6	9	15	0	-3.141831238779174
20170309	94.12	16	1	17	1	5.327102803738318
20170321	76.92	10	3	13	1	4.181494661921708
20170327	53.33	8	7	15	0	-2.631578947368421
20170331	69.23	18	8	26	1	2.6424442609413705
20170404	25.0	6	18	24	1	4.453441295546559
20170407	60.0	12	8	20	0	-5.138036809815951
20170413	93.75	15	1	16	0	-5.271317829457363
20170417	60.0	15	10	25	0	-4.563650920736589
20170504	78.57	11	3	14	1	3.6815068493150687
20170510	33.33	5	10	15	1	4.100418410041842
20170511	78.95	15	4	19	0	-4.09967845659164
20170515	58.62	17	12	29	0	-4.530201342281879
20170517	41.18	7	10	17	1	2.5528169014084514
20170519	68.42	13	6	19	1	2.6064291920069502
20170529	61.11	11	7	18	1	3.639514731369152
20170602	83.33	5	1	6	1	8.068669527896995
20170605	75.0	15	5	20	1	3.256552819698173
20170628	38.46	5	8	13	1	3.336259877085163
20170711	78.57	11	3	14	1	2.532751091703057
20170717	66.67	8	4	12	0	-2.523128679562657
20170721	65.0	13	7	20	0	-4.913793103448277
20170802	80.0	12	3	15	0	-2.580071174377224
20170814	60.0	6	4	10	1	2.6532479414455628
20170831	50.0	6	6	12	1	4.495412844036697
20170907	91.67	11	1	12	1	4.058721934369602
20170919	44.44	8	10	18	0	-3.651903651903652
20170922	38.46	5	8	13	0	-3.9525691699604746
20170929	88.89	8	1	9	0	-2.56
20171012	100.0	7	0	7	1	2.7250206440957894
20171025	70.59	12	5	17	0	-3.8690476190476177
20171106	72.22	13	5	18	0	-8.100147275405007
20171108	62.96	17	10	27	0	-3.2467532467532463
20171113	80.0	12	3	15	1	3.6666666666666665
20171120	80.0	12	3	15	1	3.472770323599053
20171122	61.54	8	5	13	1	2.8615622583139984
20171127	80.0	16	4	20	0	-3.7037037037037033
20171208	28.57	2	5	7	1	4.731355252606255
20171221	71.43	5	2	7	1	4.296875
20180102	92.31	12	1	13	0	-3.736263736263736
20180103	87.5	7	1	8	0	-3.6529680365296797
20180111	55.56	5	4	9	1	3.0732860520094563
20180117	40.0	4	6	10	1	12.043795620437956
20180125	75.0	9	3	12	1	4.327868852459017
20180126	85.71	12	2	14	0	-3.142677561282212
20180129	77.78	7	2	9	0	-2.5308241401687206
20180130	72.73	8	3	11	0	-2.9960053262316912
20180202	57.14	12	9	21	0	-5.7142857142857135
20180205	70.0	14	6	20	1	7.72005772005772
20180208	33.33	3	6	9	0	-2.6174496644295298
20180209	45.45	5	6	11	0	-3.445899379738112
20180213	41.67	10	14	24	1	5.6100981767180915
20180222	50.0	6	6	12	1	3.036303630363036
20180302	66.67	8	4	12	0	-4.002463054187191
20180307	66.67	10	5	15	1	6.1875
20180308	70.59	12	5	17	1	4.708652148322543
20180315	63.64	7	4	11	1	4.195402298850575
20180319	18.75	3	13	16	1	5.224719101123594
20180322	56.25	9	7	16	0	-6.702702702702703
20180323	28.57	6	15	21	1	6.199304750869062
20180328	40.0	6	9	15	1	3.6666666666666665
20180330	89.47	17	2	19	0	-3.5886448848419925
20180410	73.33	11	4	15	0	-3.4212002243409985
20180411	56.25	9	7	16	0	-3.0778164924506384
20180412	69.23	9	4	13	1	3.29538645895746
20180417	76.92	10	3	13	1	3.23529411764706
20180420	58.82	10	7	17	0	-3.5858877964141125
20180425	60.0	6	4	10	0	-3.68389780154486
20180427	75.0	9	3	12	0	-2.735562310030395
20180504	47.62	10	11	21	0	-2.93040293040293
20180508	52.63	10	9	19	1	4.465408805031446
20180509	77.78	7	2	9	1	3.5520770620108366
20180510	68.97	20	9	29	1	3.1395348837209305
20180511	61.54	16	10	26	0	-4.96054114994363
20180518	81.25	13	3	16	1	3.206997084548105
20180523	46.15	6	7	13	1	3.747203579418344
20180529	35.0	7	13	20	1	2.717391304347826
20180531	77.78	14	4	18	0	-2.7676240208877285
20180608	43.75	7	9	16	1	3.5812672176308538
20180612	70.83	17	7	24	0	-6.787814003206841
20180615	47.06	8	9	17	0	-5.436668594563332
20180619	66.67	14	7	21	1	2.9951100244498776
20180620	73.33	11	4	15	0	-2.6112759643916914
20180621	50.0	7	7	14	1	5.850091407678245
20180622	70.59	12	5	17	1	3.281519861830743
20180627	35.29	6	11	17	0	-4.018369690011482
20180629	85.71	18	3	21	0	-2.5
20180702	50.0	12	12	24	1	3.9682539682539684
20180710	58.82	10	7	17	0	-2.6463963963963963
20180711	50.0	6	6	12	1	5.205320994794679
20180713	70.0	14	6	20	0	-4.175824175824175
20180719	18.18	2	9	11	0	-2.991944764096663
20180720	46.15	6	7	13	0	-4.211150652431791
20180724	77.78	14	4	18	1	3.626306084818685
20180726	88.89	8	1	9	0	-5.882352941176469
20180727	60.0	12	8	20	0	-4.9375
20180731	33.33	3	6	9	1	2.9624753127057275
20180802	30.0	3	7	10	1	2.599090318388564
20180807	50.0	5	5	10	0	-5.613577023498695
20180810	41.67	5	7	12	0	-3.0985915492957745
20180813	47.37	9	10	19	1	4.142441860465117
20180820	41.67	5	7	12	1	6.035087719298246
20180821	93.33	14	1	15	0	-2.8457974851091987
20180827	83.33	20	4	24	0	-3.6821705426356592
20180830	50.0	2	2	4	1	6.416382252559727
20180904	77.27	17	5	22	0	-4.088050314465408
20180913	87.5	7	1	8	0	-4.183266932270916
20180918	69.23	9	4	13	1	3.7983425414364635
20180921	87.5	21	3	24	0	-5.4874112330535825
20181001	60.0	6	4	10	1	4.12087912087912
20181008	61.11	11	7	18	0	-3.8435603506405935
20181010	45.0	9	11	20	0	-3.155680224403927
20181011	22.22	2	7	9	1	5.141202027516291
20181012	94.74	18	1	19	0	-3.6501377410468323
20181016	70.59	12	5	17	1	2.517985611510792
20181018	47.06	8	9	17	1	3.1578947368421053
20181019	72.0	18	7	25	1	2.7210884353741496
20181023	16.67	2	10	12	0	-3.050847457627119
20181025	50.0	6	6	12	0	-2.629708599857853
20181026	42.86	3	4	7	0	-6.0583941605839415
20181031	62.5	5	3	8	0	-4.839968774395004
20181101	41.67	5	7	12	1	8.695652173913043
20181102	83.33	15	3	18	1	4.452830188679245
20181106	50.0	6	6	12	0	-11.824080749819752
20181113	23.53	4	13	17	0	-3.5771065182829886
20181114	62.96	17	10	27	1	5.853256389117888
20181116	75.0	12	4	16	1	5.439005439005438
20181126	66.67	10	5	15	1	4.0983606557377055
20181130	50.0	11	11	22	1	2.8368794326241136
20181203	73.33	11	4	15	0	-2.689655172413793
20181206	37.5	9	15	24	1	3.548153511947864
20181210	44.44	8	10	18	0	-5.720338983050849
20181213	88.24	15	2	17	0	-10.094408133623821
20181218	50.0	9	9	18	1	7.641741988496302
20181228	76.92	10	3	13	0	-3.1007751937984502
20190107	69.23	9	4	13	0	-2.713487629688747
20190109	68.42	13	6	19	0	-5.5053410024650775
20190111	58.82	10	7	17	0	-4.828797190517999
20190114	36.0	9	16	25	1	3.1365313653136533
20190117	85.71	6	1	7	1	3.832116788321168
20190130	63.64	7	4	11	1	3.3363390441839496
20190207	66.67	6	3	9	1	6.707317073170732
20190215	52.94	9	8	17	1	2.5876460767946576
20190218	81.48	22	5	27	0	-2.5223759153783565
20190228	66.67	12	6	18	0	-4.351395730706075
20190306	76.92	20	6	26	0	-5.3389830508474585
20190307	78.26	18	5	23	1	2.5067144136078783
20190308	58.82	10	7	17	0	-4.104803493449782
20190312	71.43	10	4	14	0	-7.59493670886076
20190325	61.54	8	5	13	1	2.9000000000000004
20190508	81.25	13	3	16	0	-3.503503503503504
20190509	70.59	12	5	17	1	4.253112033195022
20190517	68.42	13	6	19	0	-2.708124373119358
20190520	50.0	9	9	18	1	3.09278350515464
20190524	55.56	10	8	18	0	-3.5269709543568464
20190527	52.0	13	12	25	1	3.548387096774193
20190604	66.67	10	5	15	1	2.683178534571723
20190617	81.25	13	3	16	1	6.165099268547545
20190619	93.33	14	1	15	1	3.6597428288822944
20190621	62.5	10	6	16	0	-2.9608404966571165
20190702	61.54	8	5	13	0	-2.9116465863453818
20190726	55.56	10	8	18	0	-3.296703296703297
20190802	61.54	8	5	13	0	-6.628571428571428
20190806	72.73	16	6	22	1	4.202719406674906
20190809	60.0	12	8	20	1	3.016241299303944
20190816	57.14	8	6	14	1	3.057757644394111
20190823	60.0	6	4	10	0	-2.8729281767955803
20190826	68.75	11	5	16	1	3.526734926052332
20190830	81.82	9	2	11	1	3.191489361702128
20190902	84.21	16	3	19	0	-3.5051546391752577
20191010	77.78	7	2	9	0	-2.7837259100642395
20191021	76.47	13	4	17	1	9.691629955947137
20191029	78.57	11	3	14	0	-3.7267080745341614
20191030	76.47	13	4	17	1	5.698924731182796
20191107	64.29	9	5	14	1	2.88659793814433
20191111	81.25	13	3	16	1	5.306122448979592
20191121	54.55	6	5	11	1	2.538071065989848
20191216	68.42	13	6	19	1	3.065134099616858
20191224	69.23	9	4	13	1	3.5137701804368464
20191230	76.19	16	5	21	0	-2.7906976744186047
20200103	72.22	13	5	18	0	-3.272377285851781
20200110	85.71	12	2	14	1	4.039408866995074
20200123	88.89	16	2	18	0	-3.7822878228782284
20200130	58.82	10	7	17	0	-3.0476190476190474
20200205	70.0	7	3	10	1	2.9268292682926833
20200227	26.32	5	14	19	1	6.299212598425196
20200612	51.85	14	13	27	0	-4.4465468306527915
20200615	50.0	11	11	22	1	4.554455445544554
20200624	77.27	17	5	22	0	-4.018691588785047
20200626	65.22	15	8	23	1	3.333333333333333
20200629	70.0	21	9	30	1	8.38709677419355
20200630	94.29	33	2	35	0	-3.91156462585034
20200701	50.0	9	9	18	1	8.849557522123892
20200703	57.14	12	9	21	1	10.121457489878543
20200706	80.0	40	10	50	0	-3.0882352941176467
20200714	57.69	15	11	26	0	-3.268482490272373
20200716	57.89	11	8	19	1	2.9197080291970803
20200724	61.54	8	5	13	0	-3.0278884462151394
20200731	50.0	4	4	8	1	3.2338308457711435
20200810	64.29	9	5	14	0	-6.4851881505204165
20200814	61.11	11	7	18	0	-7.888040712468192
20200819	47.06	8	9	17	0	-3.901996370235935
20200821	41.67	5	7	12	1	2.7052238805970146
20200831	70.0	14	6	20	1	2.7902790279027903
20200901	66.67	12	6	18	1	10.770577933450088
20200916	53.85	7	6	13	0	-3.2019704433497536
20200925	50.0	6	6	12	1	3.0
20200929	76.92	10	3	13	1	3.4031413612565444
20201014	45.45	5	6	11	0	-3.79746835443038
20201021	55.0	11	9	20	0	-3.3707865168539324
20201029	66.67	10	5	15	0	-3.7931034482758617
20201030	73.33	11	4	15	1	6.810035842293908
20201106	63.64	7	4	11	1	4.212299915754001
20201109	100.0	12	0	12	0	-3.0719482619240086
20201110	54.55	6	5	11	1	2.585487906588824
20201116	73.91	17	6	23	0	-3.360655737704918
20201119	66.67	12	6	18	1	3.1516183986371376
20201120	94.74	18	1	19	1	7.1015689512799325
20201124	61.9	13	8	21	0	-2.803738317757009
20201126	68.75	11	5	16	1	6.730769230769233
20201201	72.22	13	5	18	1	6.044776119402987
20201202	58.33	7	5	12	1	6.192821956368754
20201203	57.69	30	22	52	1	3.711066931742877
20201204	52.08	25	23	48	0	-4.15335463258786
20201209	61.11	11	7	18	1	3.6217303822937614
20201218	68.75	11	5	16	0	-2.6143790849673203
20201223	53.33	8	7	15	1	4.284727021423636
20201228	65.0	13	7	20	1	4.852459016393444
20210108	75.0	9	3	12	1	2.5
20210121	64.29	9	5	14	1	2.9958058717795084
20210127	69.23	9	4	13	0	-3.0303030303030303
20210128	56.25	9	7	16	0	-3.786057692307692
20210202	60.0	9	6	15	1	2.7517198248905568
20210203	74.07	20	7	27	0	-3.0432136335970785
20210205	60.0	6	4	10	1	6.158730158730159
20210208	64.0	16	9	25	0	-5.442583732057416
20210219	57.89	11	8	19	0	-4.5825486503452595
20210222	51.52	17	16	33	0	-3.6184210526315774
20210223	45.0	9	11	20	0	-3.7542662116040963
20210225	25.0	7	21	28	0	-3.755215577190543
20210302	32.26	10	21	31	1	3.1029619181946404
20210303	59.26	16	11	27	0	-2.53077975376197
20210305	18.75	3	13	16	0	-2.9202279202279198
20210312	44.83	13	16	29	1	8.38192419825073
20210318	59.09	13	9	22	1	4.133333333333333
20210324	35.0	7	13	20	1	3.2015065913371004
20210405	78.57	11	3	14	1	5.653495440729484
20210406	54.55	12	10	22	0	-3.739930955120829
20210407	50.0	7	7	14	1	3.5265989240884634
20210416	66.67	8	4	12	0	-3.1976744186046515
20210429	64.0	16	9	25	0	-13.235294117647062
20210430	36.11	13	23	36	0	-3.932203389830508
20210507	55.0	11	9	20	0	-4.964539007092199
