id	ratio	positive	negetive	num
2010.01.01.	100.0	1	0	1
2010.01.04.	73.33	11	4	15
2010.01.05.	55.56	5	4	9
2010.01.06.	58.33	7	5	12
2010.01.07.	25.0	1	3	4
2010.01.08.	50.0	2	2	4
2010.01.09.	100.0	1	0	1
2010.01.10.	100.0	3	0	3
2010.01.11.	80.0	4	1	5
2010.01.12.	55.56	5	4	9
2010.01.13.	25.0	1	3	4
2010.01.14.	60.0	3	2	5
2010.01.15.	50.0	1	1	2
2010.01.17.	0.0	0	0	0
2010.01.18.	50.0	4	4	8
2010.01.19.	42.86	3	4	7
2010.01.20.	57.14	8	6	14
2010.01.21.	100.0	3	0	3
2010.01.22.	50.0	2	2	4
2010.01.24.	100.0	2	0	2
2010.01.25.	50.0	1	1	2
2010.01.26.	62.5	5	3	8
2010.01.27.	33.33	2	4	6
2010.01.28.	66.67	4	2	6
2010.01.29.	0.0	0	5	5
2010.01.31.	100.0	1	0	1
2010.02.01.	50.0	3	3	6
2010.02.02.	90.0	9	1	10
2010.02.03.	90.0	9	1	10
2010.02.04.	66.67	2	1	3
2010.02.05.	0.0	0	0	0
2010.02.06.	100.0	1	0	1
2010.02.07.	0.0	0	0	0
2010.02.08.	71.43	5	2	7
2010.02.09.	100.0	4	0	4
2010.02.10.	60.0	3	2	5
2010.02.11.	57.14	4	3	7
2010.02.12.	50.0	11	11	22
2010.02.13.	50.0	1	1	2
2010.02.14.	0.0	0	1	1
2010.02.15.	100.0	1	0	1
2010.02.16.	33.33	4	8	12
2010.02.17.	80.0	8	2	10
2010.02.18.	71.43	5	2	7
2010.02.19.	40.0	2	3	5
2010.02.20.	0.0	0	1	1
2010.02.21.	50.0	1	1	2
2010.02.22.	0.0	0	2	2
2010.02.23.	60.0	3	2	5
2010.02.24.	50.0	1	1	2
2010.02.25.	75.0	3	1	4
2010.02.26.	33.33	1	2	3
2010.02.28.	100.0	1	0	1
2010.03.01.	100.0	1	0	1
2010.03.02.	66.67	2	1	3
2010.03.03.	0.0	0	4	4
2010.03.04.	0.0	0	0	0
2010.03.05.	66.67	2	1	3
2010.03.06.	100.0	2	0	2
2010.03.07.	100.0	1	0	1
2010.03.08.	100.0	3	0	3
2010.03.09.	66.67	2	1	3
2010.03.10.	50.0	1	1	2
2010.03.11.	50.0	1	1	2
2010.03.12.	100.0	1	0	1
2010.03.15.	33.33	1	2	3
2010.03.16.	66.67	2	1	3
2010.03.17.	83.33	5	1	6
2010.03.18.	50.0	1	1	2
2010.03.19.	25.0	1	3	4
2010.03.20.	50.0	1	1	2
2010.03.22.	66.67	2	1	3
2010.03.23.	100.0	2	0	2
2010.03.24.	50.0	1	1	2
2010.03.25.	60.0	3	2	5
2010.03.26.	100.0	4	0	4
2010.03.28.	50.0	1	1	2
2010.03.29.	80.0	4	1	5
2010.03.30.	25.0	1	3	4
2010.03.31.	33.33	1	2	3
2010.04.01.	100.0	6	0	6
2010.04.02.	80.0	4	1	5
2010.04.04.	50.0	1	1	2
2010.04.05.	76.92	10	3	13
2010.04.06.	46.15	6	7	13
2010.04.07.	0.0	0	1	1
2010.04.08.	100.0	4	0	4
2010.04.09.	71.43	5	2	7
2010.04.11.	0.0	0	0	0
2010.04.12.	100.0	5	0	5
2010.04.13.	100.0	2	0	2
2010.04.14.	62.5	5	3	8
2010.04.15.	50.0	1	1	2
2010.04.16.	50.0	3	3	6
2010.04.18.	80.0	4	1	5
2010.04.19.	50.0	2	2	4
2010.04.20.	0.0	0	2	2
2010.04.21.	0.0	0	2	2
2010.04.22.	50.0	1	1	2
2010.04.23.	90.0	9	1	10
2010.04.25.	33.33	1	2	3
2010.04.26.	84.62	11	2	13
2010.04.27.	50.0	1	1	2
2010.04.28.	62.5	5	3	8
2010.04.29.	40.0	4	6	10
2010.04.30.	66.67	2	1	3
2010.05.01.	100.0	1	0	1
2010.05.03.	55.56	5	4	9
2010.05.04.	50.0	2	2	4
2010.05.05.	0.0	0	1	1
2010.05.06.	33.33	1	2	3
2010.05.07.	70.0	7	3	10
2010.05.09.	66.67	2	1	3
2010.05.10.	50.0	6	6	12
2010.05.11.	75.0	6	2	8
2010.05.12.	0.0	0	1	1
2010.05.13.	50.0	1	1	2
2010.05.14.	75.0	3	1	4
2010.05.16.	100.0	1	0	1
2010.05.17.	33.33	3	6	9
2010.05.18.	80.0	4	1	5
2010.05.19.	40.0	2	3	5
2010.05.20.	80.0	4	1	5
2010.05.22.	0.0	0	2	2
2010.05.23.	0.0	0	0	0
2010.05.24.	42.86	3	4	7
2010.05.25.	33.33	1	2	3
2010.05.26.	66.67	2	1	3
2010.05.27.	75.0	3	1	4
2010.05.28.	80.0	8	2	10
2010.05.30.	75.0	3	1	4
2010.05.31.	60.0	3	2	5
2010.06.01.	40.0	2	3	5
2010.06.03.	83.33	5	1	6
2010.06.04.	83.33	5	1	6
2010.06.05.	100.0	1	0	1
2010.06.06.	50.0	1	1	2
2010.06.07.	100.0	4	0	4
2010.06.08.	60.0	9	6	15
2010.06.09.	72.73	8	3	11
2010.06.10.	50.0	3	3	6
2010.06.11.	60.0	3	2	5
2010.06.12.	100.0	1	0	1
2010.06.13.	66.67	2	1	3
2010.06.14.	50.0	4	4	8
2010.06.15.	66.67	2	1	3
2010.06.16.	85.71	6	1	7
2010.06.17.	100.0	4	0	4
2010.06.18.	100.0	4	0	4
2010.06.21.	60.0	3	2	5
2010.06.22.	100.0	2	0	2
2010.06.23.	66.67	2	1	3
2010.06.24.	50.0	1	1	2
2010.06.25.	100.0	2	0	2
2010.06.26.	100.0	1	0	1
2010.06.27.	0.0	0	3	3
2010.06.28.	50.0	3	3	6
2010.06.29.	50.0	1	1	2
2010.06.30.	50.0	1	1	2
2010.07.01.	0.0	0	1	1
2010.07.04.	100.0	1	0	1
2010.07.05.	0.0	0	2	2
2010.07.06.	50.0	1	1	2
2010.07.07.	100.0	2	0	2
2010.07.08.	100.0	2	0	2
2010.07.09.	100.0	1	0	1
2010.07.11.	0.0	0	1	1
2010.07.12.	50.0	3	3	6
2010.07.13.	50.0	3	3	6
2010.07.14.	50.0	2	2	4
2010.07.15.	50.0	2	2	4
2010.07.18.	0.0	0	1	1
2010.07.19.	80.0	4	1	5
2010.07.20.	20.0	1	4	5
2010.07.21.	50.0	2	2	4
2010.07.22.	50.0	1	1	2
2010.07.23.	66.67	2	1	3
2010.07.24.	100.0	1	0	1
2010.07.25.	100.0	4	0	4
2010.07.26.	30.77	4	9	13
2010.07.27.	50.0	2	2	4
2010.07.28.	0.0	0	1	1
2010.07.29.	83.33	5	1	6
2010.07.30.	50.0	2	2	4
2010.07.31.	0.0	0	1	1
2010.08.01.	100.0	2	0	2
2010.08.02.	50.0	3	3	6
2010.08.03.	50.0	1	1	2
2010.08.04.	40.0	2	3	5
2010.08.05.	0.0	0	3	3
2010.08.06.	50.0	1	1	2
2010.08.08.	100.0	1	0	1
2010.08.09.	50.0	1	1	2
2010.08.10.	0.0	0	1	1
2010.08.11.	0.0	0	0	0
2010.08.12.	100.0	3	0	3
2010.08.13.	100.0	5	0	5
2010.08.15.	50.0	1	1	2
2010.08.16.	33.33	2	4	6
2010.08.17.	50.0	1	1	2
2010.08.18.	33.33	1	2	3
2010.08.19.	100.0	4	0	4
2010.08.20.	66.67	2	1	3
2010.08.21.	100.0	1	0	1
2010.08.23.	50.0	1	1	2
2010.08.24.	50.0	1	1	2
2010.08.25.	50.0	1	1	2
2010.08.26.	0.0	0	1	1
2010.08.27.	66.67	2	1	3
2010.08.28.	0.0	0	1	1
2010.08.29.	100.0	2	0	2
2010.08.30.	50.0	2	2	4
2010.08.31.	50.0	1	1	2
2010.09.01.	50.0	1	1	2
2010.09.02.	50.0	1	1	2
2010.09.05.	50.0	1	1	2
2010.09.06.	66.67	6	3	9
2010.09.07.	50.0	1	1	2
2010.09.08.	80.0	4	1	5
2010.09.09.	0.0	0	0	0
2010.09.10.	100.0	1	0	1
2010.09.12.	75.0	3	1	4
2010.09.13.	33.33	1	2	3
2010.09.14.	100.0	1	0	1
2010.09.15.	50.0	3	3	6
2010.09.16.	0.0	0	0	0
2010.09.17.	83.33	5	1	6
2010.09.19.	0.0	0	1	1
2010.09.20.	40.0	2	3	5
2010.09.21.	0.0	0	0	0
2010.09.22.	100.0	1	0	1
2010.09.23.	100.0	1	0	1
2010.09.27.	100.0	2	0	2
2010.09.28.	100.0	3	0	3
2010.09.29.	25.0	1	3	4
2010.09.30.	25.0	1	3	4
2010.10.01.	80.0	4	1	5
2010.10.03.	0.0	0	1	1
2010.10.04.	0.0	0	0	0
2010.10.05.	100.0	1	0	1
2010.10.06.	0.0	0	1	1
2010.10.07.	33.33	1	2	3
2010.10.08.	100.0	5	0	5
2010.10.10.	100.0	1	0	1
2010.10.11.	100.0	1	0	1
2010.10.12.	100.0	1	0	1
2010.10.13.	50.0	3	3	6
2010.10.14.	66.67	2	1	3
2010.10.15.	50.0	2	2	4
2010.10.18.	100.0	1	0	1
2010.10.19.	57.14	4	3	7
2010.10.20.	100.0	2	0	2
2010.10.21.	100.0	3	0	3
2010.10.22.	66.67	2	1	3
2010.10.23.	100.0	5	0	5
2010.10.24.	0.0	0	1	1
2010.10.25.	46.15	6	7	13
2010.10.26.	42.86	3	4	7
2010.10.27.	40.0	2	3	5
2010.10.28.	100.0	4	0	4
2010.10.29.	0.0	0	2	2
2010.10.31.	100.0	2	0	2
2010.11.01.	0.0	0	2	2
2010.11.02.	100.0	3	0	3
2010.11.03.	40.0	2	3	5
2010.11.04.	100.0	4	0	4
2010.11.05.	75.0	3	1	4
2010.11.07.	100.0	3	0	3
2010.11.08.	80.0	4	1	5
2010.11.09.	75.0	3	1	4
2010.11.10.	66.67	2	1	3
2010.11.11.	83.33	5	1	6
2010.11.12.	100.0	2	0	2
2010.11.13.	0.0	0	1	1
2010.11.14.	75.0	3	1	4
2010.11.15.	50.0	3	3	6
2010.11.16.	75.0	3	1	4
2010.11.17.	100.0	9	0	9
2010.11.18.	100.0	6	0	6
2010.11.19.	0.0	0	3	3
2010.11.20.	100.0	1	0	1
2010.11.22.	100.0	1	0	1
2010.11.23.	0.0	0	2	2
2010.11.24.	50.0	1	1	2
2010.11.25.	100.0	2	0	2
2010.11.26.	85.71	6	1	7
2010.11.29.	66.67	2	1	3
2010.11.30.	66.67	4	2	6
2010.12.01.	66.67	2	1	3
2010.12.02.	0.0	0	2	2
2010.12.03.	100.0	1	0	1
2010.12.04.	100.0	1	0	1
2010.12.06.	33.33	1	2	3
2010.12.07.	100.0	3	0	3
2010.12.08.	60.0	3	2	5
2010.12.09.	0.0	0	1	1
2010.12.10.	100.0	2	0	2
2010.12.12.	66.67	2	1	3
2010.12.13.	90.0	9	1	10
2010.12.14.	50.0	2	2	4
2010.12.15.	42.86	3	4	7
2010.12.16.	0.0	0	0	0
2010.12.17.	0.0	0	1	1
2010.12.20.	50.0	2	2	4
2010.12.21.	66.67	2	1	3
2010.12.22.	50.0	1	1	2
2010.12.23.	0.0	0	2	2
2010.12.24.	75.0	3	1	4
2010.12.25.	100.0	2	0	2
2010.12.26.	100.0	1	0	1
2010.12.27.	0.0	0	0	0
2010.12.28.	83.33	5	1	6
2010.12.29.	66.67	2	1	3
2010.12.30.	50.0	1	1	2
2010.12.31.	66.67	2	1	3
2011.01.02.	66.67	2	1	3
2011.01.03.	83.33	5	1	6
2011.01.04.	66.67	2	1	3
2011.01.05.	33.33	1	2	3
2011.01.06.	60.0	3	2	5
2011.01.07.	100.0	1	0	1
2011.01.09.	0.0	0	1	1
2011.01.10.	83.33	5	1	6
2011.01.11.	33.33	1	2	3
2011.01.12.	0.0	0	1	1
2011.01.13.	62.5	5	3	8
2011.01.14.	71.43	5	2	7
2011.01.16.	100.0	1	0	1
2011.01.17.	42.86	3	4	7
2011.01.18.	0.0	0	1	1
2011.01.19.	66.67	4	2	6
2011.01.20.	50.0	1	1	2
2011.01.21.	75.0	3	1	4
2011.01.23.	100.0	1	0	1
2011.01.24.	66.67	2	1	3
2011.01.25.	50.0	5	5	10
2011.01.26.	60.0	3	2	5
2011.01.27.	50.0	2	2	4
2011.01.30.	100.0	1	0	1
2011.01.31.	66.67	2	1	3
2011.02.01.	100.0	1	0	1
2011.02.02.	50.0	1	1	2
2011.02.07.	0.0	0	2	2
2011.02.08.	0.0	0	0	0
2011.02.09.	100.0	1	0	1
2011.02.10.	66.67	2	1	3
2011.02.11.	100.0	1	0	1
2011.02.13.	0.0	0	1	1
2011.02.14.	33.33	1	2	3
2011.02.15.	71.43	5	2	7
2011.02.16.	25.0	1	3	4
2011.02.17.	100.0	2	0	2
2011.02.18.	100.0	2	0	2
2011.02.20.	0.0	0	1	1
2011.02.21.	50.0	1	1	2
2011.02.22.	66.67	2	1	3
2011.02.23.	66.67	2	1	3
2011.02.24.	66.67	2	1	3
2011.02.25.	100.0	2	0	2
2011.02.27.	33.33	1	2	3
2011.02.28.	0.0	0	0	0
2011.03.02.	25.0	1	3	4
2011.03.03.	62.5	5	3	8
2011.03.04.	50.0	1	1	2
2011.03.05.	0.0	0	1	1
2011.03.06.	66.67	2	1	3
2011.03.07.	60.0	3	2	5
2011.03.08.	66.67	2	1	3
2011.03.09.	57.14	4	3	7
2011.03.10.	40.0	4	6	10
2011.03.11.	45.45	5	6	11
2011.03.13.	100.0	1	0	1
2011.03.14.	50.0	3	3	6
2011.03.15.	100.0	4	0	4
2011.03.16.	50.0	1	1	2
2011.03.17.	50.0	3	3	6
2011.03.18.	100.0	1	0	1
2011.03.20.	100.0	2	0	2
2011.03.21.	100.0	2	0	2
2011.03.22.	100.0	3	0	3
2011.03.23.	100.0	2	0	2
2011.03.24.	66.67	2	1	3
2011.03.25.	100.0	2	0	2
2011.03.27.	100.0	1	0	1
2011.03.28.	50.0	2	2	4
2011.03.29.	100.0	2	0	2
2011.03.30.	0.0	0	1	1
2011.03.31.	33.33	2	4	6
2011.04.01.	71.43	5	2	7
2011.04.02.	100.0	1	0	1
2011.04.03.	50.0	2	2	4
2011.04.04.	75.0	3	1	4
2011.04.05.	100.0	1	0	1
2011.04.06.	100.0	2	0	2
2011.04.07.	80.0	4	1	5
2011.04.08.	100.0	1	0	1
2011.04.10.	33.33	1	2	3
2011.04.11.	100.0	2	0	2
2011.04.12.	33.33	1	2	3
2011.04.13.	33.33	1	2	3
2011.04.14.	100.0	5	0	5
2011.04.15.	83.33	5	1	6
2011.04.18.	33.33	1	2	3
2011.04.19.	100.0	3	0	3
2011.04.20.	33.33	1	2	3
2011.04.21.	83.33	5	1	6
2011.04.22.	100.0	3	0	3
2011.04.23.	0.0	0	1	1
2011.04.24.	0.0	0	1	1
2011.04.25.	50.0	2	2	4
2011.04.26.	100.0	3	0	3
2011.04.27.	75.0	3	1	4
2011.04.28.	66.67	2	1	3
2011.04.29.	33.33	1	2	3
2011.04.30.	0.0	0	0	0
2011.05.01.	0.0	0	0	0
2011.05.02.	0.0	0	1	1
2011.05.03.	100.0	2	0	2
2011.05.04.	100.0	4	0	4
2011.05.06.	28.57	2	5	7
2011.05.07.	0.0	0	1	1
2011.05.08.	0.0	0	4	4
2011.05.09.	100.0	6	0	6
2011.05.10.	50.0	1	1	2
2011.05.11.	83.33	5	1	6
2011.05.12.	66.67	2	1	3
2011.05.13.	100.0	2	0	2
2011.05.14.	100.0	1	0	1
2011.05.15.	100.0	2	0	2
2011.05.16.	66.67	2	1	3
2011.05.17.	50.0	1	1	2
2011.05.18.	100.0	1	0	1
2011.05.19.	60.0	3	2	5
2011.05.20.	100.0	5	0	5
2011.05.21.	0.0	0	0	0
2011.05.22.	0.0	0	1	1
2011.05.23.	50.0	1	1	2
2011.05.24.	50.0	1	1	2
2011.05.25.	33.33	1	2	3
2011.05.26.	83.33	5	1	6
2011.05.27.	100.0	2	0	2
2011.05.29.	100.0	2	0	2
2011.05.30.	50.0	1	1	2
2011.05.31.	25.0	1	3	4
2011.06.01.	42.86	3	4	7
2011.06.02.	66.67	2	1	3
2011.06.03.	100.0	2	0	2
2011.06.04.	100.0	1	0	1
2011.06.05.	0.0	0	0	0
2011.06.06.	33.33	1	2	3
2011.06.07.	100.0	1	0	1
2011.06.08.	75.0	3	1	4
2011.06.09.	100.0	3	0	3
2011.06.10.	100.0	2	0	2
2011.06.12.	50.0	1	1	2
2011.06.13.	100.0	5	0	5
2011.06.14.	100.0	1	0	1
2011.06.15.	75.0	3	1	4
2011.06.16.	40.0	2	3	5
2011.06.17.	100.0	5	0	5
2011.06.19.	100.0	2	0	2
2011.06.20.	50.0	1	1	2
2011.06.21.	100.0	2	0	2
2011.06.22.	75.0	3	1	4
2011.06.23.	0.0	0	3	3
2011.06.24.	100.0	4	0	4
2011.06.26.	100.0	2	0	2
2011.06.27.	60.0	3	2	5
2011.06.28.	44.44	4	5	9
2011.06.29.	62.5	5	3	8
2011.06.30.	80.0	4	1	5
2011.07.01.	50.0	3	3	6
2011.07.03.	50.0	1	1	2
2011.07.04.	50.0	3	3	6
2011.07.05.	33.33	2	4	6
2011.07.06.	50.0	1	1	2
2011.07.07.	60.0	3	2	5
2011.07.08.	62.5	5	3	8
2011.07.10.	50.0	2	2	4
2011.07.11.	0.0	0	4	4
2011.07.12.	50.0	4	4	8
2011.07.13.	50.0	3	3	6
2011.07.14.	77.78	7	2	9
2011.07.15.	90.91	10	1	11
2011.07.17.	50.0	1	1	2
2011.07.18.	70.0	7	3	10
2011.07.19.	50.0	3	3	6
2011.07.20.	100.0	4	0	4
2011.07.21.	50.0	2	2	4
2011.07.22.	85.71	6	1	7
2011.07.25.	100.0	1	0	1
2011.07.26.	75.0	3	1	4
2011.07.27.	83.33	5	1	6
2011.07.28.	33.33	1	2	3
2011.07.29.	100.0	2	0	2
2011.07.30.	50.0	2	2	4
2011.07.31.	100.0	2	0	2
2011.08.01.	66.67	6	3	9
2011.08.02.	50.0	3	3	6
2011.08.03.	33.33	1	2	3
2011.08.04.	63.64	7	4	11
2011.08.05.	100.0	1	0	1
2011.08.06.	100.0	1	0	1
2011.08.07.	66.67	2	1	3
2011.08.08.	64.29	9	5	14
2011.08.09.	16.67	1	5	6
2011.08.10.	80.0	4	1	5
2011.08.11.	62.5	5	3	8
2011.08.12.	77.78	7	2	9
2011.08.13.	100.0	1	0	1
2011.08.14.	50.0	1	1	2
2011.08.15.	100.0	3	0	3
2011.08.16.	44.44	4	5	9
2011.08.17.	100.0	5	0	5
2011.08.18.	83.33	5	1	6
2011.08.19.	33.33	2	4	6
2011.08.20.	100.0	1	0	1
2011.08.21.	0.0	0	0	0
2011.08.22.	80.0	4	1	5
2011.08.23.	100.0	1	0	1
2011.08.24.	75.0	6	2	8
2011.08.25.	50.0	3	3	6
2011.08.26.	60.0	3	2	5
2011.08.27.	100.0	1	0	1
2011.08.28.	0.0	0	0	0
2011.08.29.	66.67	2	1	3
2011.08.30.	88.89	8	1	9
2011.08.31.	77.78	7	2	9
2011.09.01.	71.43	5	2	7
2011.09.02.	80.95	17	4	21
2011.09.04.	0.0	0	1	1
2011.09.05.	50.0	12	12	24
2011.09.06.	33.33	3	6	9
2011.09.07.	50.0	5	5	10
2011.09.08.	62.5	5	3	8
2011.09.09.	76.92	10	3	13
2011.09.10.	66.67	4	2	6
2011.09.11.	0.0	0	0	0
2011.09.12.	0.0	0	0	0
2011.09.13.	100.0	2	0	2
2011.09.14.	50.0	2	2	4
2011.09.15.	55.56	5	4	9
2011.09.16.	42.86	3	4	7
2011.09.17.	100.0	1	0	1
2011.09.18.	66.67	2	1	3
2011.09.19.	40.0	4	6	10
2011.09.20.	86.67	13	2	15
2011.09.21.	42.86	6	8	14
2011.09.22.	45.0	9	11	20
2011.09.23.	65.22	15	8	23
2011.09.24.	0.0	0	1	1
2011.09.25.	50.0	3	3	6
2011.09.26.	50.0	6	6	12
2011.09.27.	60.0	3	2	5
2011.09.28.	87.5	7	1	8
2011.09.29.	53.85	7	6	13
2011.09.30.	68.75	11	5	16
2011.10.01.	0.0	0	0	0
2011.10.02.	100.0	1	0	1
2011.10.03.	100.0	2	0	2
2011.10.04.	60.0	3	2	5
2011.10.05.	33.33	2	4	6
2011.10.06.	85.71	6	1	7
2011.10.07.	71.43	5	2	7
2011.10.09.	66.67	2	1	3
2011.10.10.	60.0	9	6	15
2011.10.11.	55.56	5	4	9
2011.10.12.	83.33	5	1	6
2011.10.13.	83.33	5	1	6
2011.10.14.	81.82	9	2	11
2011.10.15.	0.0	0	2	2
2011.10.16.	50.0	2	2	4
2011.10.17.	66.67	8	4	12
2011.10.18.	81.82	9	2	11
2011.10.19.	60.0	6	4	10
2011.10.20.	0.0	0	2	2
2011.10.21.	66.67	4	2	6
2011.10.22.	0.0	0	1	1
2011.10.23.	100.0	3	0	3
2011.10.24.	90.0	9	1	10
2011.10.25.	61.54	8	5	13
2011.10.26.	55.56	5	4	9
2011.10.27.	33.33	1	2	3
2011.10.28.	30.77	4	9	13
2011.10.29.	100.0	1	0	1
2011.10.30.	66.67	2	1	3
2011.10.31.	80.0	4	1	5
2011.11.01.	75.0	9	3	12
2011.11.02.	71.43	15	6	21
2011.11.03.	100.0	11	0	11
2011.11.04.	100.0	2	0	2
2011.11.05.	100.0	2	0	2
2011.11.07.	76.92	10	3	13
2011.11.08.	55.56	10	8	18
2011.11.09.	65.0	13	7	20
2011.11.10.	76.92	20	6	26
2011.11.11.	82.35	14	3	17
2011.11.12.	88.24	15	2	17
2011.11.13.	76.92	10	3	13
2011.11.14.	55.56	5	4	9
2011.11.15.	57.14	4	3	7
2011.11.16.	25.0	1	3	4
2011.11.17.	100.0	2	0	2
2011.11.18.	66.67	4	2	6
2011.11.19.	0.0	0	1	1
2011.11.20.	33.33	1	2	3
2011.11.21.	33.33	2	4	6
2011.11.22.	50.0	2	2	4
2011.11.23.	83.33	5	1	6
2011.11.24.	100.0	2	0	2
2011.11.25.	33.33	1	2	3
2011.11.26.	100.0	1	0	1
2011.11.27.	60.0	3	2	5
2011.11.28.	50.0	2	2	4
2011.11.29.	78.57	11	3	14
2011.11.30.	50.0	3	3	6
2011.12.01.	42.86	3	4	7
2011.12.02.	16.67	1	5	6
2011.12.03.	100.0	2	0	2
2011.12.04.	0.0	0	1	1
2011.12.05.	33.33	1	2	3
2011.12.07.	57.14	4	3	7
2011.12.08.	100.0	7	0	7
2011.12.09.	62.5	5	3	8
2011.12.11.	100.0	1	0	1
2011.12.12.	75.0	9	3	12
2011.12.13.	75.0	3	1	4
2011.12.14.	60.0	3	2	5
2011.12.15.	100.0	5	0	5
2011.12.16.	55.56	5	4	9
2011.12.17.	100.0	2	0	2
2011.12.18.	80.0	4	1	5
2011.12.19.	71.43	5	2	7
2011.12.20.	50.0	2	2	4
2011.12.21.	80.0	8	2	10
2011.12.22.	83.33	5	1	6
2011.12.23.	100.0	4	0	4
2011.12.24.	50.0	1	1	2
2011.12.25.	100.0	2	0	2
2011.12.26.	50.0	1	1	2
2011.12.27.	61.54	8	5	13
2011.12.28.	100.0	6	0	6
2011.12.29.	66.67	4	2	6
2011.12.30.	60.0	3	2	5
2011.12.31.	100.0	1	0	1
2012.01.01.	33.33	2	4	6
2012.01.02.	44.44	4	5	9
2012.01.03.	42.86	3	4	7
2012.01.04.	90.0	9	1	10
2012.01.05.	40.0	4	6	10
2012.01.06.	75.0	3	1	4
2012.01.08.	66.67	2	1	3
2012.01.09.	0.0	0	3	3
2012.01.10.	33.33	1	2	3
2012.01.11.	50.0	3	3	6
2012.01.12.	80.0	4	1	5
2012.01.13.	50.0	3	3	6
2012.01.15.	100.0	1	0	1
2012.01.16.	30.0	3	7	10
2012.01.17.	80.0	4	1	5
2012.01.18.	25.0	1	3	4
2012.01.19.	50.0	4	4	8
2012.01.20.	75.0	3	1	4
2012.01.21.	0.0	0	1	1
2012.01.23.	25.0	1	3	4
2012.01.24.	100.0	2	0	2
2012.01.25.	56.25	9	7	16
2012.01.26.	85.71	12	2	14
2012.01.27.	66.67	8	4	12
2012.01.28.	100.0	1	0	1
2012.01.29.	0.0	0	3	3
2012.01.30.	50.0	4	4	8
2012.01.31.	66.67	2	1	3
2012.02.01.	50.0	4	4	8
2012.02.02.	71.43	5	2	7
2012.02.03.	75.0	6	2	8
2012.02.04.	0.0	0	0	0
2012.02.05.	50.0	3	3	6
2012.02.06.	50.0	5	5	10
2012.02.07.	42.86	3	4	7
2012.02.08.	33.33	1	2	3
2012.02.09.	100.0	3	0	3
2012.02.10.	75.0	6	2	8
2012.02.11.	100.0	1	0	1
2012.02.12.	66.67	2	1	3
2012.02.13.	16.67	1	5	6
2012.02.14.	35.71	5	9	14
2012.02.15.	63.64	7	4	11
2012.02.16.	60.0	3	2	5
2012.02.17.	62.5	5	3	8
2012.02.18.	100.0	1	0	1
2012.02.19.	0.0	0	3	3
2012.02.20.	66.67	4	2	6
2012.02.21.	16.67	1	5	6
2012.02.22.	0.0	0	3	3
2012.02.23.	0.0	0	3	3
2012.02.24.	57.14	4	3	7
2012.02.25.	0.0	0	1	1
2012.02.26.	50.0	1	1	2
2012.02.27.	50.0	1	1	2
2012.02.28.	54.55	6	5	11
2012.02.29.	66.67	2	1	3
2012.03.01.	75.0	3	1	4
2012.03.02.	83.33	5	1	6
2012.03.03.	50.0	1	1	2
2012.03.04.	66.67	2	1	3
2012.03.05.	37.5	3	5	8
2012.03.06.	100.0	2	0	2
2012.03.07.	100.0	5	0	5
2012.03.08.	100.0	3	0	3
2012.03.09.	50.0	4	4	8
2012.03.10.	0.0	0	0	0
2012.03.11.	100.0	1	0	1
2012.03.12.	33.33	2	4	6
2012.03.13.	80.0	4	1	5
2012.03.14.	53.85	7	6	13
2012.03.15.	80.0	4	1	5
2012.03.16.	50.0	4	4	8
2012.03.17.	66.67	2	1	3
2012.03.18.	100.0	2	0	2
2012.03.19.	100.0	6	0	6
2012.03.20.	55.56	5	4	9
2012.03.21.	66.67	10	5	15
2012.03.22.	83.33	5	1	6
2012.03.23.	50.0	1	1	2
2012.03.24.	66.67	2	1	3
2012.03.26.	33.33	1	2	3
2012.03.27.	0.0	0	1	1
2012.03.28.	33.33	2	4	6
2012.03.29.	70.59	12	5	17
2012.03.30.	100.0	6	0	6
2012.03.31.	50.0	2	2	4
2012.04.02.	78.57	11	3	14
2012.04.03.	44.44	4	5	9
2012.04.04.	50.0	1	1	2
2012.04.05.	62.5	5	3	8
2012.04.06.	78.57	11	3	14
2012.04.07.	75.0	3	1	4
2012.04.08.	66.67	2	1	3
2012.04.09.	66.67	8	4	12
2012.04.10.	56.25	9	7	16
2012.04.11.	71.43	5	2	7
2012.04.12.	75.0	6	2	8
2012.04.13.	66.67	6	3	9
2012.04.14.	0.0	0	2	2
2012.04.15.	100.0	6	0	6
2012.04.16.	57.14	8	6	14
2012.04.17.	100.0	4	0	4
2012.04.18.	40.0	4	6	10
2012.04.19.	53.33	8	7	15
2012.04.20.	33.33	4	8	12
2012.04.21.	50.0	2	2	4
2012.04.22.	0.0	0	1	1
2012.04.23.	22.22	2	7	9
2012.04.24.	28.57	2	5	7
2012.04.25.	40.0	2	3	5
2012.04.26.	60.0	3	2	5
2012.04.27.	88.89	8	1	9
2012.04.28.	100.0	2	0	2
2012.04.29.	83.33	5	1	6
2012.04.30.	75.0	3	1	4
2012.05.01.	80.0	4	1	5
2012.05.02.	44.44	4	5	9
2012.05.03.	41.67	5	7	12
2012.05.04.	55.56	10	8	18
2012.05.05.	100.0	2	0	2
2012.05.06.	66.67	6	3	9
2012.05.07.	57.14	4	3	7
2012.05.08.	100.0	5	0	5
2012.05.09.	36.36	4	7	11
2012.05.10.	66.67	6	3	9
2012.05.11.	10.0	1	9	10
2012.05.12.	100.0	3	0	3
2012.05.13.	50.0	2	2	4
2012.05.14.	60.0	15	10	25
2012.05.15.	50.0	13	13	26
2012.05.16.	35.71	5	9	14
2012.05.17.	82.35	14	3	17
2012.05.18.	57.14	4	3	7
2012.05.19.	75.0	6	2	8
2012.05.20.	62.5	5	3	8
2012.05.21.	81.82	9	2	11
2012.05.22.	66.67	12	6	18
2012.05.23.	16.67	2	10	12
2012.05.24.	60.71	17	11	28
2012.05.25.	50.0	7	7	14
2012.05.26.	100.0	2	0	2
2012.05.27.	0.0	0	3	3
2012.05.28.	50.0	2	2	4
2012.05.29.	26.32	5	14	19
2012.05.30.	50.0	10	10	20
2012.05.31.	64.71	11	6	17
2012.06.01.	62.5	5	3	8
2012.06.02.	80.0	4	1	5
2012.06.03.	100.0	1	0	1
2012.06.04.	62.5	10	6	16
2012.06.05.	52.38	11	10	21
2012.06.06.	50.0	3	3	6
2012.06.07.	66.67	8	4	12
2012.06.08.	55.0	11	9	20
2012.06.09.	100.0	2	0	2
2012.06.10.	33.33	3	6	9
2012.06.11.	33.33	3	6	9
2012.06.12.	52.17	12	11	23
2012.06.13.	71.43	20	8	28
2012.06.14.	35.71	5	9	14
2012.06.15.	66.67	10	5	15
2012.06.16.	40.0	2	3	5
2012.06.17.	50.0	2	2	4
2012.06.18.	61.11	11	7	18
2012.06.19.	75.0	6	2	8
2012.06.20.	54.55	6	5	11
2012.06.21.	83.33	10	2	12
2012.06.22.	62.96	17	10	27
2012.06.23.	87.5	7	1	8
2012.06.24.	100.0	2	0	2
2012.06.25.	55.56	5	4	9
2012.06.26.	45.45	5	6	11
2012.06.27.	53.85	7	6	13
2012.06.28.	38.46	5	8	13
2012.06.29.	33.33	3	6	9
2012.06.30.	83.33	5	1	6
2012.07.01.	50.0	4	4	8
2012.07.02.	55.56	5	4	9
2012.07.03.	55.56	5	4	9
2012.07.04.	84.62	11	2	13
2012.07.05.	66.67	4	2	6
2012.07.06.	28.57	2	5	7
2012.07.07.	75.0	3	1	4
2012.07.08.	100.0	6	0	6
2012.07.09.	53.85	7	6	13
2012.07.10.	28.57	2	5	7
2012.07.11.	57.14	4	3	7
2012.07.12.	77.78	7	2	9
2012.07.13.	40.0	4	6	10
2012.07.14.	100.0	1	0	1
2012.07.15.	66.67	2	1	3
2012.07.16.	40.0	6	9	15
2012.07.17.	50.0	6	6	12
2012.07.18.	57.14	4	3	7
2012.07.19.	68.75	11	5	16
2012.07.20.	54.55	6	5	11
2012.07.21.	50.0	2	2	4
2012.07.22.	0.0	0	1	1
2012.07.23.	37.5	3	5	8
2012.07.24.	64.71	11	6	17
2012.07.25.	63.64	7	4	11
2012.07.26.	64.29	9	5	14
2012.07.27.	63.16	12	7	19
2012.07.28.	0.0	0	3	3
2012.07.29.	66.67	2	1	3
2012.07.30.	40.0	4	6	10
2012.07.31.	33.33	2	4	6
2012.08.01.	73.33	11	4	15
2012.08.02.	40.0	4	6	10
2012.08.03.	56.25	9	7	16
2012.08.04.	66.67	2	1	3
2012.08.05.	50.0	2	2	4
2012.08.06.	60.0	9	6	15
2012.08.07.	52.38	11	10	21
2012.08.08.	40.0	4	6	10
2012.08.09.	28.57	4	10	14
2012.08.10.	66.67	4	2	6
2012.08.11.	0.0	0	2	2
2012.08.12.	25.0	1	3	4
2012.08.13.	64.29	9	5	14
2012.08.14.	53.85	7	6	13
2012.08.15.	71.43	5	2	7
2012.08.16.	35.71	5	9	14
2012.08.17.	42.86	3	4	7
2012.08.18.	100.0	3	0	3
2012.08.19.	100.0	1	0	1
2012.08.20.	25.0	2	6	8
2012.08.21.	45.45	5	6	11
2012.08.22.	71.43	5	2	7
2012.08.23.	72.73	8	3	11
2012.08.24.	71.43	10	4	14
2012.08.25.	0.0	0	4	4
2012.08.26.	66.67	2	1	3
2012.08.27.	53.33	8	7	15
2012.08.28.	59.09	13	9	22
2012.08.29.	71.43	15	6	21
2012.08.30.	36.36	8	14	22
2012.08.31.	91.67	11	1	12
2012.09.01.	100.0	1	0	1
2012.09.02.	70.0	7	3	10
2012.09.03.	59.26	16	11	27
2012.09.04.	26.32	5	14	19
2012.09.05.	57.89	11	8	19
2012.09.06.	68.18	15	7	22
2012.09.07.	92.86	13	1	14
2012.09.09.	50.0	3	3	6
2012.09.10.	72.73	8	3	11
2012.09.11.	57.14	4	3	7
2012.09.12.	60.87	14	9	23
2012.09.13.	53.33	8	7	15
2012.09.14.	44.44	8	10	18
2012.09.15.	66.67	2	1	3
2012.09.16.	33.33	2	4	6
2012.09.17.	23.81	5	16	21
2012.09.18.	73.91	17	6	23
2012.09.19.	73.68	14	5	19
2012.09.20.	81.82	9	2	11
2012.09.21.	73.33	11	4	15
2012.09.22.	33.33	1	2	3
2012.09.23.	75.0	6	2	8
2012.09.24.	33.33	2	4	6
2012.09.25.	42.86	9	12	21
2012.09.26.	8.33	1	11	12
2012.09.27.	57.14	8	6	14
2012.09.28.	68.75	11	5	16
2012.09.29.	71.43	5	2	7
2012.09.30.	50.0	1	1	2
2012.10.01.	0.0	0	3	3
2012.10.02.	45.45	5	6	11
2012.10.03.	33.33	2	4	6
2012.10.04.	36.84	7	12	19
2012.10.05.	71.43	10	4	14
2012.10.06.	50.0	1	1	2
2012.10.07.	71.43	5	2	7
2012.10.08.	64.0	16	9	25
2012.10.09.	63.16	12	7	19
2012.10.10.	57.14	8	6	14
2012.10.11.	50.0	10	10	20
2012.10.12.	55.56	10	8	18
2012.10.13.	50.0	1	1	2
2012.10.14.	80.0	4	1	5
2012.10.15.	38.46	5	8	13
2012.10.16.	31.25	5	11	16
2012.10.17.	57.14	8	6	14
2012.10.18.	34.78	8	15	23
2012.10.19.	22.22	4	14	18
2012.10.20.	33.33	1	2	3
2012.10.21.	50.0	2	2	4
2012.10.22.	39.13	9	14	23
2012.10.23.	58.33	7	5	12
2012.10.24.	55.56	5	4	9
2012.10.25.	75.0	12	4	16
2012.10.26.	63.64	7	4	11
2012.10.27.	100.0	2	0	2
2012.10.28.	63.64	7	4	11
2012.10.29.	50.0	5	5	10
2012.10.30.	63.64	7	4	11
2012.10.31.	38.46	5	8	13
2012.11.01.	64.71	11	6	17
2012.11.02.	90.91	10	1	11
2012.11.03.	80.0	4	1	5
2012.11.04.	75.0	6	2	8
2012.11.05.	60.0	18	12	30
2012.11.06.	71.43	25	10	35
2012.11.07.	80.0	20	5	25
2012.11.08.	73.58	39	14	53
2012.11.09.	90.62	29	3	32
2012.11.10.	83.33	20	4	24
2012.11.11.	66.67	16	8	24
2012.11.12.	60.53	23	15	38
2012.11.13.	57.14	12	9	21
2012.11.14.	66.67	10	5	15
2012.11.15.	73.68	14	5	19
2012.11.16.	36.0	9	16	25
2012.11.17.	50.0	1	1	2
2012.11.18.	0.0	0	2	2
2012.11.19.	73.08	19	7	26
2012.11.20.	67.86	19	9	28
2012.11.21.	69.23	9	4	13
2012.11.22.	72.73	8	3	11
2012.11.23.	83.33	10	2	12
2012.11.24.	0.0	0	1	1
2012.11.25.	60.0	3	2	5
2012.11.26.	91.67	11	1	12
2012.11.27.	42.86	3	4	7
2012.11.28.	66.67	4	2	6
2012.11.29.	57.14	4	3	7
2012.11.30.	50.0	4	4	8
2012.12.01.	66.67	2	1	3
2012.12.02.	50.0	3	3	6
2012.12.03.	33.33	3	6	9
2012.12.04.	66.67	10	5	15
2012.12.05.	46.67	7	8	15
2012.12.06.	13.64	3	19	22
2012.12.07.	54.17	13	11	24
2012.12.09.	20.0	2	8	10
2012.12.10.	33.33	2	4	6
2012.12.11.	46.15	6	7	13
2012.12.12.	75.0	3	1	4
2012.12.13.	75.0	6	2	8
2012.12.14.	69.23	9	4	13
2012.12.15.	100.0	1	0	1
2012.12.16.	0.0	0	1	1
2012.12.17.	57.14	8	6	14
2012.12.18.	86.67	13	2	15
2012.12.19.	40.0	2	3	5
2012.12.20.	32.14	9	19	28
2012.12.21.	37.5	9	15	24
2012.12.22.	25.0	1	3	4
2012.12.23.	75.0	3	1	4
2012.12.24.	62.86	22	13	35
2012.12.25.	57.14	4	3	7
2012.12.26.	40.0	4	6	10
2012.12.27.	70.59	12	5	17
2012.12.28.	62.5	10	6	16
2012.12.29.	100.0	1	0	1
2012.12.30.	50.0	1	1	2
2012.12.31.	80.0	8	2	10
2013.01.01.	80.0	8	2	10
2013.01.02.	72.73	8	3	11
2013.01.03.	50.0	5	5	10
2013.01.04.	58.33	7	5	12
2013.01.05.	100.0	1	0	1
2013.01.06.	0.0	0	1	1
2013.01.07.	57.14	4	3	7
2013.01.08.	50.0	7	7	14
2013.01.09.	55.56	5	4	9
2013.01.10.	62.96	17	10	27
2013.01.11.	45.45	5	6	11
2013.01.12.	0.0	0	2	2
2013.01.13.	100.0	1	0	1
2013.01.14.	53.33	8	7	15
2013.01.15.	37.5	3	5	8
2013.01.16.	33.33	2	4	6
2013.01.17.	70.0	7	3	10
2013.01.18.	66.67	4	2	6
2013.01.19.	0.0	0	1	1
2013.01.20.	0.0	0	1	1
2013.01.21.	100.0	2	0	2
2013.01.22.	61.54	8	5	13
2013.01.23.	31.25	5	11	16
2013.01.24.	50.0	8	8	16
2013.01.25.	60.0	3	2	5
2013.01.26.	20.0	1	4	5
2013.01.27.	75.0	3	1	4
2013.01.28.	18.18	2	9	11
2013.01.29.	47.06	8	9	17
2013.01.30.	50.0	4	4	8
2013.01.31.	38.1	8	13	21
2013.02.01.	75.0	6	2	8
2013.02.02.	50.0	2	2	4
2013.02.03.	66.67	2	1	3
2013.02.04.	41.94	13	18	31
2013.02.05.	42.86	12	16	28
2013.02.06.	11.11	1	8	9
2013.02.07.	38.1	8	13	21
2013.02.08.	55.56	5	4	9
2013.02.09.	75.0	3	1	4
2013.02.10.	100.0	1	0	1
2013.02.11.	33.33	1	2	3
2013.02.12.	50.0	5	5	10
2013.02.13.	72.73	8	3	11
2013.02.14.	72.0	18	7	25
2013.02.15.	53.85	7	6	13
2013.02.16.	40.0	2	3	5
2013.02.17.	100.0	2	0	2
2013.02.18.	58.33	7	5	12
2013.02.19.	57.89	11	8	19
2013.02.20.	57.89	11	8	19
2013.02.21.	88.89	8	1	9
2013.02.22.	62.5	5	3	8
2013.02.23.	100.0	2	0	2
2013.02.24.	83.33	5	1	6
2013.02.25.	88.89	8	1	9
2013.02.26.	62.5	10	6	16
2013.02.27.	78.95	15	4	19
2013.02.28.	66.67	8	4	12
2013.03.01.	57.14	4	3	7
2013.03.02.	100.0	1	0	1
2013.03.03.	75.0	3	1	4
2013.03.04.	55.56	5	4	9
2013.03.05.	69.23	18	8	26
2013.03.06.	58.82	10	7	17
2013.03.07.	35.71	5	9	14
2013.03.08.	58.82	10	7	17
2013.03.09.	50.0	1	1	2
2013.03.10.	66.67	2	1	3
2013.03.11.	46.67	7	8	15
2013.03.12.	60.0	9	6	15
2013.03.13.	55.56	5	4	9
2013.03.14.	40.0	2	3	5
2013.03.15.	66.67	2	1	3
2013.03.16.	100.0	1	0	1
2013.03.17.	50.0	1	1	2
2013.03.18.	30.0	3	7	10
2013.03.19.	61.54	8	5	13
2013.03.20.	33.33	1	2	3
2013.03.21.	72.73	8	3	11
2013.03.22.	85.71	6	1	7
2013.03.23.	100.0	1	0	1
2013.03.24.	50.0	3	3	6
2013.03.25.	58.33	7	5	12
2013.03.26.	66.67	4	2	6
2013.03.27.	54.55	6	5	11
2013.03.28.	50.0	4	4	8
2013.03.29.	72.73	8	3	11
2013.03.30.	100.0	2	0	2
2013.03.31.	33.33	1	2	3
2013.04.01.	100.0	2	0	2
2013.04.02.	40.91	9	13	22
2013.04.03.	68.75	11	5	16
2013.04.04.	72.73	8	3	11
2013.04.05.	50.0	6	6	12
2013.04.06.	66.67	2	1	3
2013.04.07.	0.0	0	2	2
2013.04.08.	40.0	8	12	20
2013.04.09.	50.0	7	7	14
2013.04.10.	66.67	4	2	6
2013.04.11.	63.64	7	4	11
2013.04.12.	72.73	8	3	11
2013.04.13.	75.0	3	1	4
2013.04.14.	50.0	2	2	4
2013.04.15.	84.62	11	2	13
2013.04.16.	52.94	9	8	17
2013.04.17.	63.16	12	7	19
2013.04.18.	57.89	11	8	19
2013.04.19.	50.0	4	4	8
2013.04.20.	0.0	0	2	2
2013.04.21.	0.0	0	1	1
2013.04.22.	75.0	6	2	8
2013.04.23.	50.0	5	5	10
2013.04.24.	66.67	4	2	6
2013.04.25.	72.73	8	3	11
2013.04.26.	81.82	9	2	11
2013.04.28.	33.33	1	2	3
2013.04.29.	70.0	7	3	10
2013.04.30.	64.29	9	5	14
2013.05.01.	57.14	4	3	7
2013.05.02.	66.67	8	4	12
2013.05.03.	43.75	7	9	16
2013.05.04.	66.67	2	1	3
2013.05.05.	20.0	1	4	5
2013.05.06.	54.55	18	15	33
2013.05.07.	63.64	14	8	22
2013.05.08.	66.67	8	4	12
2013.05.09.	28.57	2	5	7
2013.05.10.	42.86	3	4	7
2013.05.11.	0.0	0	2	2
2013.05.12.	66.67	2	1	3
2013.05.13.	42.86	6	8	14
2013.05.14.	66.67	8	4	12
2013.05.15.	33.33	1	2	3
2013.05.16.	70.0	7	3	10
2013.05.17.	80.0	4	1	5
2013.05.18.	50.0	1	1	2
2013.05.19.	25.0	1	3	4
2013.05.20.	71.43	15	6	21
2013.05.21.	37.5	3	5	8
2013.05.22.	25.0	2	6	8
2013.05.23.	60.0	6	4	10
2013.05.24.	100.0	5	0	5
2013.05.25.	100.0	1	0	1
2013.05.26.	50.0	1	1	2
2013.05.27.	28.57	2	5	7
2013.05.28.	77.78	7	2	9
2013.05.29.	36.36	4	7	11
2013.05.30.	50.0	2	2	4
2013.05.31.	50.0	4	4	8
2013.06.01.	50.0	3	3	6
2013.06.02.	50.0	1	1	2
2013.06.03.	66.67	8	4	12
2013.06.04.	55.56	5	4	9
2013.06.05.	66.67	2	1	3
2013.06.06.	50.0	2	2	4
2013.06.07.	37.5	3	5	8
2013.06.08.	33.33	1	2	3
2013.06.09.	60.0	3	2	5
2013.06.10.	66.67	2	1	3
2013.06.11.	50.0	3	3	6
2013.06.12.	14.29	1	6	7
2013.06.13.	53.33	8	7	15
2013.06.14.	54.55	6	5	11
2013.06.15.	0.0	0	2	2
2013.06.16.	100.0	1	0	1
2013.06.17.	63.64	7	4	11
2013.06.18.	75.0	3	1	4
2013.06.19.	11.76	2	15	17
2013.06.20.	46.15	6	7	13
2013.06.21.	60.0	6	4	10
2013.06.22.	33.33	1	2	3
2013.06.23.	50.0	1	1	2
2013.06.24.	25.0	2	6	8
2013.06.25.	16.67	2	10	12
2013.06.26.	42.86	3	4	7
2013.06.27.	46.15	6	7	13
2013.06.28.	77.78	7	2	9
2013.06.29.	75.0	3	1	4
2013.06.30.	80.0	4	1	5
2013.07.01.	69.23	9	4	13
2013.07.02.	44.44	4	5	9
2013.07.03.	40.0	4	6	10
2013.07.04.	33.33	1	2	3
2013.07.05.	0.0	0	1	1
2013.07.07.	0.0	0	2	2
2013.07.08.	55.56	5	4	9
2013.07.09.	33.33	3	6	9
2013.07.10.	22.22	2	7	9
2013.07.11.	77.78	7	2	9
2013.07.12.	80.0	8	2	10
2013.07.13.	50.0	2	2	4
2013.07.14.	75.0	3	1	4
2013.07.15.	83.33	5	1	6
2013.07.16.	85.71	6	1	7
2013.07.17.	100.0	4	0	4
2013.07.18.	55.56	5	4	9
2013.07.19.	87.5	7	1	8
2013.07.20.	50.0	1	1	2
2013.07.21.	50.0	1	1	2
2013.07.22.	40.0	4	6	10
2013.07.23.	60.0	3	2	5
2013.07.24.	75.0	6	2	8
2013.07.25.	60.0	6	4	10
2013.07.26.	77.78	7	2	9
2013.07.27.	100.0	3	0	3
2013.07.28.	33.33	1	2	3
2013.07.29.	66.67	8	4	12
2013.07.30.	57.14	4	3	7
2013.07.31.	54.55	6	5	11
2013.08.01.	62.5	10	6	16
2013.08.02.	52.17	12	11	23
2013.08.03.	66.67	2	1	3
2013.08.04.	80.0	4	1	5
2013.08.05.	64.71	11	6	17
2013.08.06.	58.33	7	5	12
2013.08.07.	75.0	3	1	4
2013.08.08.	54.55	6	5	11
2013.08.09.	72.73	8	3	11
2013.08.11.	60.0	3	2	5
2013.08.12.	61.54	8	5	13
2013.08.13.	62.5	15	9	24
2013.08.14.	16.67	2	10	12
2013.08.15.	50.0	3	3	6
2013.08.16.	33.33	2	4	6
2013.08.17.	100.0	1	0	1
2013.08.18.	25.0	1	3	4
2013.08.19.	42.86	3	4	7
2013.08.20.	57.14	4	3	7
2013.08.21.	40.0	2	3	5
2013.08.22.	50.0	4	4	8
2013.08.23.	45.45	5	6	11
2013.08.24.	0.0	0	1	1
2013.08.25.	0.0	0	3	3
2013.08.26.	20.0	1	4	5
2013.08.27.	27.27	3	8	11
2013.08.28.	30.0	3	7	10
2013.08.29.	50.0	3	3	6
2013.08.30.	83.33	5	1	6
2013.09.01.	33.33	2	4	6
2013.09.02.	45.45	5	6	11
2013.09.03.	60.0	6	4	10
2013.09.04.	50.0	3	3	6
2013.09.05.	80.0	8	2	10
2013.09.06.	66.67	6	3	9
2013.09.08.	100.0	1	0	1
2013.09.09.	66.67	6	3	9
2013.09.10.	50.0	2	2	4
2013.09.11.	42.86	3	4	7
2013.09.12.	64.29	9	5	14
2013.09.13.	73.68	14	5	19
2013.09.14.	100.0	1	0	1
2013.09.15.	50.0	1	1	2
2013.09.16.	66.67	6	3	9
2013.09.17.	84.62	11	2	13
2013.09.18.	66.67	2	1	3
2013.09.19.	60.0	3	2	5
2013.09.20.	0.0	0	2	2
2013.09.21.	0.0	0	1	1
2013.09.23.	100.0	5	0	5
2013.09.24.	60.0	3	2	5
2013.09.25.	50.0	3	3	6
2013.09.26.	62.5	5	3	8
2013.09.27.	50.0	3	3	6
2013.09.28.	100.0	1	0	1
2013.09.29.	50.0	1	1	2
2013.09.30.	63.64	7	4	11
2013.10.01.	28.57	2	5	7
2013.10.02.	76.92	10	3	13
2013.10.03.	33.33	1	2	3
2013.10.04.	30.0	3	7	10
2013.10.05.	25.0	1	3	4
2013.10.06.	40.0	2	3	5
2013.10.07.	52.5	21	19	40
2013.10.08.	45.45	5	6	11
2013.10.09.	25.0	1	3	4
2013.10.10.	45.45	5	6	11
2013.10.11.	42.86	9	12	21
2013.10.12.	50.0	2	2	4
2013.10.13.	50.0	3	3	6
2013.10.14.	52.94	9	8	17
2013.10.15.	68.42	13	6	19
2013.10.16.	47.62	10	11	21
2013.10.17.	47.37	9	10	19
2013.10.18.	77.78	7	2	9
2013.10.19.	66.67	2	1	3
2013.10.20.	66.67	2	1	3
2013.10.21.	36.36	4	7	11
2013.10.22.	54.55	6	5	11
2013.10.23.	75.0	6	2	8
2013.10.24.	76.92	10	3	13
2013.10.25.	66.67	6	3	9
2013.10.26.	50.0	1	1	2
2013.10.27.	0.0	0	1	1
2013.10.28.	71.43	5	2	7
2013.10.29.	55.56	5	4	9
2013.10.30.	44.44	4	5	9
2013.10.31.	60.0	3	2	5
2013.11.01.	0.0	0	3	3
2013.11.02.	0.0	0	0	0
2013.11.03.	0.0	0	1	1
2013.11.04.	40.0	2	3	5
2013.11.05.	54.55	6	5	11
2013.11.06.	42.86	3	4	7
2013.11.07.	54.55	6	5	11
2013.11.08.	61.54	8	5	13
2013.11.09.	0.0	0	3	3
2013.11.10.	100.0	4	0	4
2013.11.11.	46.67	7	8	15
2013.11.12.	42.86	9	12	21
2013.11.13.	50.0	10	10	20
2013.11.14.	54.17	13	11	24
2013.11.15.	61.54	8	5	13
2013.11.16.	60.0	3	2	5
2013.11.17.	0.0	0	1	1
2013.11.18.	80.0	8	2	10
2013.11.19.	60.0	6	4	10
2013.11.20.	75.0	6	2	8
2013.11.21.	80.0	4	1	5
2013.11.22.	75.0	12	4	16
2013.11.23.	0.0	0	2	2
2013.11.24.	100.0	1	0	1
2013.11.25.	78.57	11	3	14
2013.11.26.	70.59	12	5	17
2013.11.27.	70.0	7	3	10
2013.11.28.	72.73	8	3	11
2013.11.29.	77.78	7	2	9
2013.11.30.	100.0	3	0	3
2013.12.01.	100.0	2	0	2
2013.12.02.	57.14	12	9	21
2013.12.03.	71.43	10	4	14
2013.12.04.	64.71	11	6	17
2013.12.05.	50.0	4	4	8
2013.12.06.	66.67	8	4	12
2013.12.07.	33.33	1	2	3
2013.12.08.	50.0	1	1	2
2013.12.09.	58.33	7	5	12
2013.12.10.	71.43	5	2	7
2013.12.11.	44.44	8	10	18
2013.12.12.	50.0	4	4	8
2013.12.13.	80.0	8	2	10
2013.12.14.	0.0	0	3	3
2013.12.15.	75.0	3	1	4
2013.12.16.	63.64	7	4	11
2013.12.17.	58.82	10	7	17
2013.12.18.	61.54	8	5	13
2013.12.19.	66.67	8	4	12
2013.12.20.	64.29	9	5	14
2013.12.21.	50.0	1	1	2
2013.12.22.	0.0	0	1	1
2013.12.23.	62.5	10	6	16
2013.12.24.	60.0	6	4	10
2013.12.25.	66.67	4	2	6
2013.12.26.	70.0	7	3	10
2013.12.27.	63.64	7	4	11
2013.12.28.	100.0	4	0	4
2013.12.29.	33.33	1	2	3
2013.12.30.	69.23	9	4	13
2013.12.31.	64.29	9	5	14
2014.01.01.	100.0	2	0	2
2014.01.02.	85.71	12	2	14
2014.01.03.	80.0	8	2	10
2014.01.04.	100.0	1	0	1
2014.01.05.	100.0	2	0	2
2014.01.06.	28.57	2	5	7
2014.01.07.	57.14	4	3	7
2014.01.08.	50.0	5	5	10
2014.01.09.	71.43	5	2	7
2014.01.10.	75.0	6	2	8
2014.01.11.	100.0	3	0	3
2014.01.12.	100.0	1	0	1
2014.01.13.	63.64	7	4	11
2014.01.14.	100.0	6	0	6
2014.01.15.	80.0	8	2	10
2014.01.16.	66.67	6	3	9
2014.01.17.	75.0	6	2	8
2014.01.18.	40.0	2	3	5
2014.01.19.	66.67	2	1	3
2014.01.20.	28.57	2	5	7
2014.01.21.	85.71	6	1	7
2014.01.22.	66.67	4	2	6
2014.01.23.	87.5	7	1	8
2014.01.24.	77.78	7	2	9
2014.01.25.	0.0	0	0	0
2014.01.26.	100.0	2	0	2
2014.01.27.	70.0	7	3	10
2014.01.28.	92.86	13	1	14
2014.01.29.	64.71	11	6	17
2014.01.30.	75.0	3	1	4
2014.01.31.	75.0	3	1	4
2014.02.01.	50.0	1	1	2
2014.02.02.	0.0	0	1	1
2014.02.03.	71.43	5	2	7
2014.02.04.	72.73	8	3	11
2014.02.05.	90.91	10	1	11
2014.02.06.	33.33	3	6	9
2014.02.07.	50.0	6	6	12
2014.02.08.	50.0	1	1	2
2014.02.09.	0.0	0	1	1
2014.02.10.	50.0	3	3	6
2014.02.11.	50.0	5	5	10
2014.02.12.	36.36	12	21	33
2014.02.13.	51.28	20	19	39
2014.02.14.	50.0	6	6	12
2014.02.15.	66.67	2	1	3
2014.02.16.	62.5	5	3	8
2014.02.17.	55.56	5	4	9
2014.02.18.	83.33	5	1	6
2014.02.19.	80.0	8	2	10
2014.02.20.	84.62	11	2	13
2014.02.21.	80.0	8	2	10
2014.02.22.	100.0	4	0	4
2014.02.23.	100.0	1	0	1
2014.02.24.	50.0	5	5	10
2014.02.25.	63.64	7	4	11
2014.02.26.	83.33	5	1	6
2014.02.27.	45.45	5	6	11
2014.02.28.	71.43	5	2	7
2014.03.02.	100.0	4	0	4
2014.03.03.	66.67	6	3	9
2014.03.04.	85.71	6	1	7
2014.03.05.	75.0	3	1	4
2014.03.06.	92.86	13	1	14
2014.03.07.	57.14	4	3	7
2014.03.08.	100.0	1	0	1
2014.03.09.	66.67	2	1	3
2014.03.10.	100.0	3	0	3
2014.03.11.	25.0	2	6	8
2014.03.12.	57.14	4	3	7
2014.03.13.	80.0	8	2	10
2014.03.14.	50.0	4	4	8
2014.03.15.	75.0	3	1	4
2014.03.16.	66.67	2	1	3
2014.03.17.	33.33	2	4	6
2014.03.18.	45.45	5	6	11
2014.03.19.	42.86	3	4	7
2014.03.20.	66.67	2	1	3
2014.03.21.	50.0	5	5	10
2014.03.22.	33.33	1	2	3
2014.03.23.	80.0	4	1	5
2014.03.24.	55.56	5	4	9
2014.03.25.	0.0	0	5	5
2014.03.26.	100.0	8	0	8
2014.03.27.	50.0	5	5	10
2014.03.28.	73.33	11	4	15
2014.03.29.	100.0	3	0	3
2014.03.30.	100.0	5	0	5
2014.03.31.	87.5	14	2	16
2014.04.01.	62.5	10	6	16
2014.04.02.	63.16	12	7	19
2014.04.03.	60.0	18	12	30
2014.04.04.	53.57	15	13	28
2014.04.05.	100.0	6	0	6
2014.04.06.	50.0	2	2	4
2014.04.07.	45.83	11	13	24
2014.04.08.	63.64	7	4	11
2014.04.09.	84.62	11	2	13
2014.04.10.	75.0	9	3	12
2014.04.11.	46.15	6	7	13
2014.04.12.	50.0	2	2	4
2014.04.13.	100.0	1	0	1
2014.04.14.	64.0	16	9	25
2014.04.15.	58.33	7	5	12
2014.04.16.	44.44	4	5	9
2014.04.17.	60.0	6	4	10
2014.04.18.	60.0	3	2	5
2014.04.19.	33.33	1	2	3
2014.04.20.	100.0	1	0	1
2014.04.21.	44.44	4	5	9
2014.04.22.	72.73	8	3	11
2014.04.23.	50.0	4	4	8
2014.04.24.	72.73	8	3	11
2014.04.25.	35.71	5	9	14
2014.04.26.	100.0	1	0	1
2014.04.27.	25.0	1	3	4
2014.04.28.	50.0	3	3	6
2014.04.29.	90.0	9	1	10
2014.04.30.	75.0	6	2	8
2014.05.01.	71.43	5	2	7
2014.05.02.	88.89	8	1	9
2014.05.03.	50.0	1	1	2
2014.05.04.	100.0	2	0	2
2014.05.05.	100.0	2	0	2
2014.05.06.	100.0	1	0	1
2014.05.07.	87.5	7	1	8
2014.05.08.	50.0	3	3	6
2014.05.09.	50.0	4	4	8
2014.05.10.	100.0	3	0	3
2014.05.11.	0.0	0	2	2
2014.05.12.	68.75	11	5	16
2014.05.13.	52.63	20	18	38
2014.05.14.	60.0	9	6	15
2014.05.15.	75.0	9	3	12
2014.05.16.	45.45	5	6	11
2014.05.17.	66.67	4	2	6
2014.05.18.	50.0	1	1	2
2014.05.19.	65.0	13	7	20
2014.05.20.	66.67	6	3	9
2014.05.21.	100.0	10	0	10
2014.05.22.	80.0	4	1	5
2014.05.23.	76.47	13	4	17
2014.05.24.	60.0	3	2	5
2014.05.25.	0.0	0	2	2
2014.05.26.	68.75	11	5	16
2014.05.27.	61.54	8	5	13
2014.05.28.	77.78	14	4	18
2014.05.29.	87.5	7	1	8
2014.05.30.	81.82	9	2	11
2014.05.31.	50.0	1	1	2
2014.06.01.	100.0	2	0	2
2014.06.02.	53.85	7	6	13
2014.06.03.	44.44	4	5	9
2014.06.04.	80.0	4	1	5
2014.06.05.	75.0	12	4	16
2014.06.06.	33.33	1	2	3
2014.06.07.	0.0	0	1	1
2014.06.08.	100.0	1	0	1
2014.06.09.	56.25	18	14	32
2014.06.10.	77.78	14	4	18
2014.06.11.	88.89	16	2	18
2014.06.12.	61.11	11	7	18
2014.06.13.	62.5	10	6	16
2014.06.14.	100.0	1	0	1
2014.06.15.	66.67	2	1	3
2014.06.16.	68.42	13	6	19
2014.06.17.	69.23	9	4	13
2014.06.18.	75.0	6	2	8
2014.06.19.	61.9	13	8	21
2014.06.20.	71.43	10	4	14
2014.06.21.	25.0	1	3	4
2014.06.22.	66.67	2	1	3
2014.06.23.	78.95	15	4	19
2014.06.24.	92.31	12	1	13
2014.06.25.	70.37	19	8	27
2014.06.26.	56.25	9	7	16
2014.06.27.	71.43	10	4	14
2014.06.28.	55.56	5	4	9
2014.06.29.	100.0	1	0	1
2014.06.30.	72.73	16	6	22
2014.07.01.	36.36	4	7	11
2014.07.02.	89.66	26	3	29
2014.07.03.	62.5	20	12	32
2014.07.04.	71.43	15	6	21
2014.07.05.	75.0	3	1	4
2014.07.06.	50.0	3	3	6
2014.07.07.	54.76	23	19	42
2014.07.08.	72.41	21	8	29
2014.07.09.	40.74	11	16	27
2014.07.10.	85.0	17	3	20
2014.07.11.	66.67	14	7	21
2014.07.12.	60.0	3	2	5
2014.07.13.	60.0	3	2	5
2014.07.14.	65.52	19	10	29
2014.07.15.	61.54	16	10	26
2014.07.16.	64.71	11	6	17
2014.07.17.	81.25	13	3	16
2014.07.18.	60.87	14	9	23
2014.07.19.	71.43	5	2	7
2014.07.20.	80.0	4	1	5
2014.07.21.	65.0	13	7	20
2014.07.22.	61.54	8	5	13
2014.07.23.	43.75	7	9	16
2014.07.24.	38.46	5	8	13
2014.07.25.	84.21	16	3	19
2014.07.26.	75.0	3	1	4
2014.07.27.	66.67	4	2	6
2014.07.28.	62.96	17	10	27
2014.07.29.	43.75	7	9	16
2014.07.30.	44.44	8	10	18
2014.07.31.	35.29	6	11	17
2014.08.01.	52.0	13	12	25
2014.08.02.	71.43	5	2	7
2014.08.03.	50.0	1	1	2
2014.08.04.	60.71	17	11	28
2014.08.05.	61.54	16	10	26
2014.08.06.	48.0	24	26	50
2014.08.07.	52.63	20	18	38
2014.08.08.	45.71	16	19	35
2014.08.09.	66.67	4	2	6
2014.08.10.	60.0	3	2	5
2014.08.11.	62.96	17	10	27
2014.08.12.	65.22	15	8	23
2014.08.13.	65.38	17	9	26
2014.08.14.	80.65	25	6	31
2014.08.15.	14.29	1	6	7
2014.08.16.	0.0	0	3	3
2014.08.17.	28.57	2	5	7
2014.08.18.	53.85	21	18	39
2014.08.19.	61.11	11	7	18
2014.08.20.	58.62	17	12	29
2014.08.21.	63.16	12	7	19
2014.08.22.	78.12	25	7	32
2014.08.23.	33.33	1	2	3
2014.08.24.	50.0	2	2	4
2014.08.25.	63.33	19	11	30
2014.08.26.	71.43	15	6	21
2014.08.27.	46.67	14	16	30
2014.08.28.	65.38	17	9	26
2014.08.29.	42.86	15	20	35
2014.08.30.	25.0	1	3	4
2014.08.31.	100.0	2	0	2
2014.09.01.	51.28	20	19	39
2014.09.02.	40.91	9	13	22
2014.09.03.	75.0	18	6	24
2014.09.04.	54.55	12	10	22
2014.09.05.	70.83	17	7	24
2014.09.06.	100.0	3	0	3
2014.09.07.	100.0	1	0	1
2014.09.08.	100.0	1	0	1
2014.09.09.	100.0	2	0	2
2014.09.10.	100.0	1	0	1
2014.09.11.	50.0	9	9	18
2014.09.12.	40.0	10	15	25
2014.09.13.	0.0	0	1	1
2014.09.14.	42.86	3	4	7
2014.09.15.	52.38	11	10	21
2014.09.16.	78.57	22	6	28
2014.09.17.	84.0	21	4	25
2014.09.18.	54.55	12	10	22
2014.09.19.	64.71	11	6	17
2014.09.20.	75.0	3	1	4
2014.09.21.	33.33	1	2	3
2014.09.22.	52.17	12	11	23
2014.09.23.	40.0	8	12	20
2014.09.24.	63.16	12	7	19
2014.09.25.	50.0	14	14	28
2014.09.26.	47.37	9	10	19
2014.09.27.	80.0	4	1	5
2014.09.28.	100.0	3	0	3
2014.09.29.	54.17	13	11	24
2014.09.30.	57.5	23	17	40
2014.10.01.	56.25	18	14	32
2014.10.02.	55.0	11	9	20
2014.10.03.	100.0	6	0	6
2014.10.04.	25.0	1	3	4
2014.10.05.	75.0	6	2	8
2014.10.06.	46.88	15	17	32
2014.10.07.	31.58	6	13	19
2014.10.08.	50.0	11	11	22
2014.10.09.	25.0	1	3	4
2014.10.10.	50.0	8	8	16
2014.10.11.	60.0	3	2	5
2014.10.12.	80.0	4	1	5
2014.10.13.	40.62	13	19	32
2014.10.14.	64.29	18	10	28
2014.10.15.	50.0	12	12	24
2014.10.16.	48.15	13	14	27
2014.10.17.	77.78	14	4	18
2014.10.18.	66.67	2	1	3
2014.10.19.	50.0	1	1	2
2014.10.20.	96.3	26	1	27
2014.10.21.	70.59	12	5	17
2014.10.22.	73.91	17	6	23
2014.10.23.	56.0	14	11	25
2014.10.24.	52.17	12	11	23
2014.10.25.	100.0	5	0	5
2014.10.26.	100.0	1	0	1
2014.10.27.	70.37	19	8	27
2014.10.28.	72.22	13	5	18
2014.10.29.	74.19	23	8	31
2014.10.30.	47.62	10	11	21
2014.10.31.	71.43	15	6	21
2014.11.01.	66.67	2	1	3
2014.11.02.	50.0	2	2	4
2014.11.03.	18.75	6	26	32
2014.11.04.	35.71	15	27	42
2014.11.05.	68.18	30	14	44
2014.11.06.	60.71	17	11	28
2014.11.07.	54.17	13	11	24
2014.11.08.	50.0	2	2	4
2014.11.09.	40.0	2	3	5
2014.11.10.	60.61	20	13	33
2014.11.11.	61.11	11	7	18
2014.11.12.	37.04	10	17	27
2014.11.13.	54.84	17	14	31
2014.11.14.	44.44	8	10	18
2014.11.15.	20.0	1	4	5
2014.11.16.	88.89	8	1	9
2014.11.17.	42.5	17	23	40
2014.11.18.	57.69	15	11	26
2014.11.19.	61.9	26	16	42
2014.11.20.	48.28	14	15	29
2014.11.21.	74.19	23	8	31
2014.11.22.	88.89	8	1	9
2014.11.23.	71.43	5	2	7
2014.11.24.	50.0	21	21	42
2014.11.25.	57.89	22	16	38
2014.11.26.	75.0	12	4	16
2014.11.27.	42.86	9	12	21
2014.11.28.	38.1	8	13	21
2014.11.29.	100.0	2	0	2
2014.11.30.	60.0	3	2	5
2014.12.01.	31.25	5	11	16
2014.12.02.	64.0	16	9	25
2014.12.03.	66.67	16	8	24
2014.12.04.	89.47	17	2	19
2014.12.05.	64.71	11	6	17
2014.12.06.	100.0	2	0	2
2014.12.07.	100.0	1	0	1
2014.12.08.	70.83	17	7	24
2014.12.09.	37.93	11	18	29
2014.12.10.	33.33	7	14	21
2014.12.11.	36.0	9	16	25
2014.12.12.	66.67	10	5	15
2014.12.13.	50.0	1	1	2
2014.12.14.	66.67	2	1	3
2014.12.15.	61.9	13	8	21
2014.12.16.	25.0	8	24	32
2014.12.17.	73.53	25	9	34
2014.12.18.	73.68	14	5	19
2014.12.19.	72.22	13	5	18
2014.12.20.	33.33	1	2	3
2014.12.21.	83.33	5	1	6
2014.12.22.	78.79	26	7	33
2014.12.23.	44.0	11	14	25
2014.12.24.	74.07	20	7	27
2014.12.25.	50.0	1	1	2
2014.12.26.	68.18	15	7	22
2014.12.27.	66.67	2	1	3
2014.12.28.	50.0	1	1	2
2014.12.29.	59.26	16	11	27
2014.12.30.	64.71	11	6	17
2014.12.31.	69.23	9	4	13
2015.01.01.	37.5	3	5	8
2015.01.02.	70.37	19	8	27
2015.01.03.	90.0	9	1	10
2015.01.04.	100.0	5	0	5
2015.01.05.	72.73	16	6	22
2015.01.06.	41.38	12	17	29
2015.01.07.	72.73	24	9	33
2015.01.08.	77.27	17	5	22
2015.01.09.	75.0	15	5	20
2015.01.10.	62.5	5	3	8
2015.01.11.	40.0	2	3	5
2015.01.12.	45.71	16	19	35
2015.01.13.	40.0	10	15	25
2015.01.14.	46.15	6	7	13
2015.01.15.	64.71	11	6	17
2015.01.16.	36.84	7	12	19
2015.01.17.	75.0	3	1	4
2015.01.18.	33.33	1	2	3
2015.01.19.	66.67	12	6	18
2015.01.20.	76.47	13	4	17
2015.01.21.	57.14	16	12	28
2015.01.22.	40.0	8	12	20
2015.01.23.	86.36	19	3	22
2015.01.24.	66.67	2	1	3
2015.01.25.	69.23	9	4	13
2015.01.26.	53.57	15	13	28
2015.01.27.	47.22	17	19	36
2015.01.28.	52.94	18	16	34
2015.01.29.	28.0	7	18	25
2015.01.30.	50.0	8	8	16
2015.01.31.	33.33	1	2	3
2015.02.02.	47.06	16	18	34
2015.02.03.	45.45	15	18	33
2015.02.04.	72.73	16	6	22
2015.02.05.	36.84	7	12	19
2015.02.06.	64.0	16	9	25
2015.02.07.	50.0	3	3	6
2015.02.08.	38.46	5	8	13
2015.02.09.	51.16	22	21	43
2015.02.10.	51.79	29	27	56
2015.02.11.	56.36	31	24	55
2015.02.12.	46.15	18	21	39
2015.02.13.	60.71	17	11	28
2015.02.14.	50.0	2	2	4
2015.02.15.	33.33	2	4	6
2015.02.16.	62.96	17	10	27
2015.02.17.	56.0	14	11	25
2015.02.18.	42.86	3	4	7
2015.02.19.	50.0	1	1	2
2015.02.20.	33.33	1	2	3
2015.02.21.	100.0	1	0	1
2015.02.22.	40.0	4	6	10
2015.02.23.	75.86	22	7	29
2015.02.24.	86.67	13	2	15
2015.02.25.	71.43	15	6	21
2015.02.26.	21.43	3	11	14
2015.02.27.	40.91	9	13	22
2015.02.28.	50.0	1	1	2
2015.03.01.	62.5	5	3	8
2015.03.02.	85.71	18	3	21
2015.03.03.	69.7	23	10	33
2015.03.04.	41.94	13	18	31
2015.03.05.	72.41	21	8	29
2015.03.06.	85.71	24	4	28
2015.03.07.	80.0	4	1	5
2015.03.08.	60.0	3	2	5
2015.03.09.	46.88	15	17	32
2015.03.10.	60.0	18	12	30
2015.03.11.	46.88	15	17	32
2015.03.12.	48.28	14	15	29
2015.03.13.	64.71	22	12	34
2015.03.14.	40.0	2	3	5
2015.03.15.	83.33	5	1	6
2015.03.16.	70.97	22	9	31
2015.03.17.	88.89	24	3	27
2015.03.18.	33.33	12	24	36
2015.03.19.	53.49	23	20	43
2015.03.20.	61.54	24	15	39
2015.03.21.	100.0	3	0	3
2015.03.22.	0.0	0	1	1
2015.03.23.	61.54	16	10	26
2015.03.24.	33.33	5	10	15
2015.03.25.	76.0	19	6	25
2015.03.26.	38.46	10	16	26
2015.03.27.	46.67	7	8	15
2015.03.28.	75.0	3	1	4
2015.03.29.	0.0	0	1	1
2015.03.30.	71.05	27	11	38
2015.03.31.	76.0	19	6	25
2015.04.01.	40.62	13	19	32
2015.04.02.	73.08	19	7	26
2015.04.03.	89.29	25	3	28
2015.04.04.	50.0	2	2	4
2015.04.05.	50.0	2	2	4
2015.04.06.	68.97	20	9	29
2015.04.07.	66.67	18	9	27
2015.04.08.	77.78	21	6	27
2015.04.09.	78.57	11	3	14
2015.04.10.	81.82	9	2	11
2015.04.11.	50.0	1	1	2
2015.04.12.	60.0	3	2	5
2015.04.13.	65.38	17	9	26
2015.04.14.	72.41	21	8	29
2015.04.15.	73.08	19	7	26
2015.04.16.	63.33	19	11	30
2015.04.17.	70.37	19	8	27
2015.04.18.	66.67	2	1	3
2015.04.19.	50.0	2	2	4
2015.04.20.	59.09	13	9	22
2015.04.21.	64.0	16	9	25
2015.04.22.	27.78	5	13	18
2015.04.23.	61.9	13	8	21
2015.04.24.	61.11	11	7	18
2015.04.25.	50.0	1	1	2
2015.04.26.	75.0	3	1	4
2015.04.27.	57.14	16	12	28
2015.04.28.	60.0	18	12	30
2015.04.29.	38.71	12	19	31
2015.04.30.	10.0	2	18	20
2015.05.01.	100.0	3	0	3
2015.05.02.	66.67	2	1	3
2015.05.03.	75.0	3	1	4
2015.05.04.	37.93	11	18	29
2015.05.05.	100.0	3	0	3
2015.05.06.	50.0	11	11	22
2015.05.07.	60.0	12	8	20
2015.05.08.	45.83	11	13	24
2015.05.09.	50.0	1	1	2
2015.05.10.	100.0	6	0	6
2015.05.11.	70.97	22	9	31
2015.05.12.	50.94	27	26	53
2015.05.13.	58.33	28	20	48
2015.05.14.	57.14	12	9	21
2015.05.15.	38.1	8	13	21
2015.05.16.	33.33	2	4	6
2015.05.17.	25.0	1	3	4
2015.05.18.	44.44	12	15	27
2015.05.19.	72.73	8	3	11
2015.05.20.	100.0	9	0	9
2015.05.21.	60.0	6	4	10
2015.05.22.	63.16	12	7	19
2015.05.23.	33.33	1	2	3
2015.05.24.	66.67	2	1	3
2015.05.25.	55.56	5	4	9
2015.05.26.	30.0	12	28	40
2015.05.27.	40.54	15	22	37
2015.05.28.	61.54	8	5	13
2015.05.29.	70.0	14	6	20
2015.05.30.	66.67	2	1	3
2015.05.31.	66.67	4	2	6
2015.06.01.	50.0	11	11	22
2015.06.02.	53.85	14	12	26
2015.06.03.	46.67	7	8	15
2015.06.04.	66.67	8	4	12
2015.06.05.	57.14	4	3	7
2015.06.06.	25.0	1	3	4
2015.06.07.	40.0	2	3	5
2015.06.08.	53.33	8	7	15
2015.06.09.	53.85	7	6	13
2015.06.10.	33.33	2	4	6
2015.06.11.	73.33	11	4	15
2015.06.12.	45.45	5	6	11
2015.06.13.	0.0	0	1	1
2015.06.14.	20.0	1	4	5
2015.06.15.	61.54	8	5	13
2015.06.16.	55.56	5	4	9
2015.06.17.	61.11	11	7	18
2015.06.18.	57.14	8	6	14
2015.06.19.	90.0	18	2	20
2015.06.20.	33.33	1	2	3
2015.06.21.	66.67	2	1	3
2015.06.22.	85.71	12	2	14
2015.06.23.	65.0	13	7	20
2015.06.24.	40.0	4	6	10
2015.06.25.	60.0	6	4	10
2015.06.26.	80.0	4	1	5
2015.06.27.	75.0	3	1	4
2015.06.28.	20.0	1	4	5
2015.06.29.	50.0	7	7	14
2015.06.30.	72.73	8	3	11
2015.07.01.	56.25	9	7	16
2015.07.02.	61.54	8	5	13
2015.07.03.	45.0	9	11	20
2015.07.04.	100.0	2	0	2
2015.07.05.	50.0	1	1	2
2015.07.06.	54.55	6	5	11
2015.07.07.	30.43	7	16	23
2015.07.08.	34.38	11	21	32
2015.07.09.	52.17	12	11	23
2015.07.10.	70.59	12	5	17
2015.07.11.	50.0	3	3	6
2015.07.12.	66.67	4	2	6
2015.07.13.	95.65	22	1	23
2015.07.14.	50.0	15	15	30
2015.07.15.	68.75	11	5	16
2015.07.16.	90.0	9	1	10
2015.07.17.	50.0	6	6	12
2015.07.19.	100.0	1	0	1
2015.07.20.	33.33	7	14	21
2015.07.21.	64.29	9	5	14
2015.07.22.	46.67	7	8	15
2015.07.23.	73.33	11	4	15
2015.07.24.	31.25	5	11	16
2015.07.25.	100.0	1	0	1
2015.07.26.	100.0	2	0	2
2015.07.27.	37.5	6	10	16
2015.07.28.	26.67	4	11	15
2015.07.29.	50.0	4	4	8
2015.07.30.	53.85	7	6	13
2015.07.31.	70.0	7	3	10
2015.08.01.	40.0	2	3	5
2015.08.02.	75.0	3	1	4
2015.08.03.	57.14	8	6	14
2015.08.04.	100.0	7	0	7
2015.08.05.	41.67	5	7	12
2015.08.06.	75.0	6	2	8
2015.08.07.	41.67	5	7	12
2015.08.08.	100.0	3	0	3
2015.08.09.	75.0	3	1	4
2015.08.10.	33.33	8	16	24
2015.08.11.	50.0	3	3	6
2015.08.12.	33.33	9	18	27
2015.08.13.	56.67	17	13	30
2015.08.14.	50.0	3	3	6
2015.08.15.	50.0	3	3	6
2015.08.16.	62.5	5	3	8
2015.08.17.	42.11	8	11	19
2015.08.18.	50.0	9	9	18
2015.08.19.	46.15	6	7	13
2015.08.20.	36.84	7	12	19
2015.08.21.	34.62	9	17	26
2015.08.22.	25.0	1	3	4
2015.08.23.	66.67	2	1	3
2015.08.24.	33.33	6	12	18
2015.08.25.	56.25	9	7	16
2015.08.26.	80.0	20	5	25
2015.08.27.	58.33	7	5	12
2015.08.28.	60.0	6	4	10
2015.08.29.	100.0	1	0	1
2015.08.30.	100.0	2	0	2
2015.08.31.	48.0	12	13	25
2015.09.01.	41.67	10	14	24
2015.09.02.	60.0	15	10	25
2015.09.03.	53.33	8	7	15
2015.09.04.	26.67	4	11	15
2015.09.05.	80.0	4	1	5
2015.09.06.	100.0	2	0	2
2015.09.07.	33.33	5	10	15
2015.09.08.	35.71	5	9	14
2015.09.09.	100.0	10	0	10
2015.09.10.	50.0	7	7	14
2015.09.11.	50.0	4	4	8
2015.09.12.	100.0	1	0	1
2015.09.13.	0.0	0	1	1
2015.09.14.	35.71	5	9	14
2015.09.15.	70.83	17	7	24
2015.09.16.	87.5	14	2	16
2015.09.17.	50.0	8	8	16
2015.09.18.	89.47	17	2	19
2015.09.19.	0.0	0	0	0
2015.09.20.	100.0	1	0	1
2015.09.21.	22.22	4	14	18
2015.09.22.	85.71	12	2	14
2015.09.23.	33.33	5	10	15
2015.09.24.	76.0	19	6	25
2015.09.25.	43.9	18	23	41
2015.09.26.	44.44	4	5	9
2015.09.27.	50.0	3	3	6
2015.09.28.	100.0	1	0	1
2015.09.29.	75.0	3	1	4
2015.09.30.	17.65	3	14	17
2015.10.01.	92.86	13	1	14
2015.10.02.	46.67	7	8	15
2015.10.03.	100.0	2	0	2
2015.10.04.	0.0	0	2	2
2015.10.05.	76.47	13	4	17
2015.10.06.	38.46	5	8	13
2015.10.07.	68.75	11	5	16
2015.10.08.	64.71	11	6	17
2015.10.09.	0.0	0	0	0
2015.10.11.	100.0	2	0	2
2015.10.12.	72.22	13	5	18
2015.10.13.	47.83	11	12	23
2015.10.14.	38.89	7	11	18
2015.10.15.	78.57	11	3	14
2015.10.16.	53.33	8	7	15
2015.10.17.	100.0	1	0	1
2015.10.18.	0.0	0	3	3
2015.10.19.	71.43	10	4	14
2015.10.20.	60.0	9	6	15
2015.10.21.	69.23	9	4	13
2015.10.22.	57.14	8	6	14
2015.10.23.	85.71	12	2	14
2015.10.24.	100.0	2	0	2
2015.10.25.	100.0	1	0	1
2015.10.26.	65.52	19	10	29
2015.10.27.	33.33	6	12	18
2015.10.28.	62.5	15	9	24
2015.10.29.	68.18	15	7	22
2015.10.30.	43.48	10	13	23
2015.10.31.	60.0	3	2	5
2015.11.01.	0.0	0	1	1
2015.11.02.	57.14	8	6	14
2015.11.03.	71.43	10	4	14
2015.11.04.	63.64	14	8	22
2015.11.05.	41.67	5	7	12
2015.11.06.	64.29	9	5	14
2015.11.08.	50.0	4	4	8
2015.11.09.	50.0	9	9	18
2015.11.10.	38.46	15	24	39
2015.11.11.	62.96	17	10	27
2015.11.12.	76.6	36	11	47
2015.11.13.	79.25	42	11	53
2015.11.14.	60.0	9	6	15
2015.11.15.	72.73	8	3	11
2015.11.16.	21.43	3	11	14
2015.11.17.	72.73	16	6	22
2015.11.18.	50.0	3	3	6
2015.11.19.	100.0	9	0	9
2015.11.20.	61.54	8	5	13
2015.11.21.	100.0	5	0	5
2015.11.22.	100.0	2	0	2
2015.11.23.	88.89	16	2	18
2015.11.24.	53.33	8	7	15
2015.11.25.	54.17	13	11	24
2015.11.26.	88.89	16	2	18
2015.11.27.	66.67	6	3	9
2015.11.28.	33.33	1	2	3
2015.11.29.	100.0	2	0	2
2015.11.30.	33.33	2	4	6
2015.12.01.	75.0	15	5	20
2015.12.02.	56.25	9	7	16
2015.12.03.	45.0	9	11	20
2015.12.04.	63.64	7	4	11
2015.12.05.	50.0	3	3	6
2015.12.06.	71.43	5	2	7
2015.12.07.	43.75	7	9	16
2015.12.08.	54.55	12	10	22
2015.12.09.	35.71	5	9	14
2015.12.10.	71.43	10	4	14
2015.12.11.	38.1	8	13	21
2015.12.12.	0.0	0	2	2
2015.12.13.	66.67	2	1	3
2015.12.14.	47.06	8	9	17
2015.12.15.	68.75	11	5	16
2015.12.16.	86.67	13	2	15
2015.12.17.	57.89	11	8	19
2015.12.18.	38.89	7	11	18
2015.12.19.	50.0	2	2	4
2015.12.20.	50.0	1	1	2
2015.12.21.	69.57	16	7	23
2015.12.22.	65.22	15	8	23
2015.12.23.	57.14	12	9	21
2015.12.24.	47.37	9	10	19
2015.12.25.	66.67	2	1	3
2015.12.26.	66.67	4	2	6
2015.12.27.	50.0	1	1	2
2015.12.28.	40.0	8	12	20
2015.12.29.	86.67	13	2	15
2015.12.30.	68.75	22	10	32
2015.12.31.	60.0	6	4	10
2016.01.01.	100.0	2	0	2
2016.01.02.	50.0	1	1	2
2016.01.03.	50.0	1	1	2
2016.01.04.	54.55	6	5	11
2016.01.05.	77.78	7	2	9
2016.01.06.	40.91	9	13	22
2016.01.07.	50.0	4	4	8
2016.01.08.	35.71	5	9	14
2016.01.09.	25.0	1	3	4
2016.01.10.	0.0	0	1	1
2016.01.11.	50.0	6	6	12
2016.01.12.	55.0	11	9	20
2016.01.13.	89.47	17	2	19
2016.01.14.	56.25	9	7	16
2016.01.15.	70.83	17	7	24
2016.01.16.	50.0	2	2	4
2016.01.17.	0.0	0	1	1
2016.01.18.	52.38	11	10	21
2016.01.19.	50.0	7	7	14
2016.01.20.	60.0	9	6	15
2016.01.21.	24.0	6	19	25
2016.01.22.	71.43	20	8	28
2016.01.23.	66.67	4	2	6
2016.01.24.	50.0	2	2	4
2016.01.25.	75.0	27	9	36
2016.01.26.	38.1	8	13	21
2016.01.27.	55.56	10	8	18
2016.01.28.	80.0	12	3	15
2016.01.29.	65.22	15	8	23
2016.01.30.	33.33	1	2	3
2016.01.31.	83.33	5	1	6
2016.02.01.	66.67	14	7	21
2016.02.02.	44.44	8	10	18
2016.02.03.	61.9	26	16	42
2016.02.04.	66.67	22	11	33
2016.02.05.	60.0	12	8	20
2016.02.06.	71.43	5	2	7
2016.02.07.	40.0	2	3	5
2016.02.08.	42.86	3	4	7
2016.02.09.	20.0	1	4	5
2016.02.10.	100.0	1	0	1
2016.02.11.	27.27	6	16	22
2016.02.12.	37.5	12	20	32
2016.02.13.	25.0	1	3	4
2016.02.14.	66.67	2	1	3
2016.02.15.	75.0	18	6	24
2016.02.16.	57.89	11	8	19
2016.02.17.	23.08	6	20	26
2016.02.18.	94.12	16	1	17
2016.02.19.	66.67	12	6	18
2016.02.20.	100.0	3	0	3
2016.02.21.	0.0	0	3	3
2016.02.22.	72.22	13	5	18
2016.02.23.	32.0	8	17	25
2016.02.24.	45.0	9	11	20
2016.02.25.	88.89	16	2	18
2016.02.26.	70.59	12	5	17
2016.02.27.	60.0	3	2	5
2016.02.28.	50.0	1	1	2
2016.02.29.	41.67	5	7	12
2016.03.02.	71.43	10	4	14
2016.03.03.	78.57	11	3	14
2016.03.04.	56.25	9	7	16
2016.03.05.	100.0	3	0	3
2016.03.06.	100.0	3	0	3
2016.03.07.	35.71	5	9	14
2016.03.08.	38.1	8	13	21
2016.03.09.	75.0	9	3	12
2016.03.10.	66.67	8	4	12
2016.03.11.	69.23	9	4	13
2016.03.13.	83.33	5	1	6
2016.03.14.	55.56	10	8	18
2016.03.15.	52.94	9	8	17
2016.03.16.	92.31	12	1	13
2016.03.17.	46.15	6	7	13
2016.03.18.	73.33	11	4	15
2016.03.19.	100.0	2	0	2
2016.03.20.	66.67	2	1	3
2016.03.21.	40.0	6	9	15
2016.03.22.	55.0	11	9	20
2016.03.23.	55.0	11	9	20
2016.03.24.	17.65	3	14	17
2016.03.25.	26.32	5	14	19
2016.03.26.	71.43	5	2	7
2016.03.27.	100.0	5	0	5
2016.03.28.	8.33	1	11	12
2016.03.29.	76.92	10	3	13
2016.03.30.	64.71	11	6	17
2016.03.31.	39.29	11	17	28
2016.04.01.	41.67	5	7	12
2016.04.02.	33.33	1	2	3
2016.04.03.	0.0	0	3	3
2016.04.04.	61.29	19	12	31
2016.04.05.	25.0	6	18	24
2016.04.06.	57.14	12	9	21
2016.04.07.	42.11	8	11	19
2016.04.08.	21.74	5	18	23
2016.04.09.	66.67	2	1	3
2016.04.10.	50.0	3	3	6
2016.04.11.	36.84	7	12	19
2016.04.12.	80.0	12	3	15
2016.04.13.	100.0	4	0	4
2016.04.14.	64.71	11	6	17
2016.04.15.	58.33	7	5	12
2016.04.17.	40.0	2	3	5
2016.04.18.	7.14	1	13	14
2016.04.19.	62.5	10	6	16
2016.04.20.	57.14	8	6	14
2016.04.21.	73.33	11	4	15
2016.04.22.	43.75	7	9	16
2016.04.23.	100.0	4	0	4
2016.04.24.	50.0	1	1	2
2016.04.25.	62.96	17	10	27
2016.04.26.	57.14	8	6	14
2016.04.27.	45.0	9	11	20
2016.04.28.	58.82	10	7	17
2016.04.29.	44.44	4	5	9
2016.04.30.	50.0	2	2	4
2016.05.01.	50.0	2	2	4
2016.05.02.	35.71	5	9	14
2016.05.03.	53.85	7	6	13
2016.05.04.	35.71	5	9	14
2016.05.05.	0.0	0	1	1
2016.05.06.	60.0	3	2	5
2016.05.07.	25.0	1	3	4
2016.05.08.	100.0	2	0	2
2016.05.09.	42.11	8	11	19
2016.05.10.	70.0	7	3	10
2016.05.11.	61.54	16	10	26
2016.05.12.	54.84	17	14	31
2016.05.13.	36.36	8	14	22
2016.05.14.	50.0	3	3	6
2016.05.15.	66.67	4	2	6
2016.05.16.	67.86	19	9	28
2016.05.17.	44.83	13	16	29
2016.05.18.	25.0	3	9	12
2016.05.19.	53.85	7	6	13
2016.05.20.	72.0	18	7	25
2016.05.21.	57.14	4	3	7
2016.05.22.	80.0	4	1	5
2016.05.23.	80.0	12	3	15
2016.05.24.	33.33	3	6	9
2016.05.25.	76.19	16	5	21
2016.05.26.	62.5	5	3	8
2016.05.27.	78.95	15	4	19
2016.05.28.	100.0	1	0	1
2016.05.29.	0.0	0	1	1
2016.05.30.	50.0	6	6	12
2016.05.31.	100.0	9	0	9
2016.06.01.	42.86	3	4	7
2016.06.02.	81.25	13	3	16
2016.06.03.	66.67	6	3	9
2016.06.04.	75.0	3	1	4
2016.06.05.	100.0	2	0	2
2016.06.06.	0.0	0	1	1
2016.06.07.	87.5	14	2	16
2016.06.08.	30.77	4	9	13
2016.06.09.	59.26	16	11	27
2016.06.10.	43.48	10	13	23
2016.06.11.	100.0	4	0	4
2016.06.12.	77.78	7	2	9
2016.06.13.	50.0	7	7	14
2016.06.14.	53.85	7	6	13
2016.06.15.	15.38	2	11	13
2016.06.16.	45.45	5	6	11
2016.06.17.	58.82	10	7	17
2016.06.18.	0.0	0	0	0
2016.06.19.	25.0	1	3	4
2016.06.20.	81.25	13	3	16
2016.06.21.	50.0	5	5	10
2016.06.22.	72.73	8	3	11
2016.06.23.	12.5	2	14	16
2016.06.24.	50.0	7	7	14
2016.06.25.	25.0	1	3	4
2016.06.26.	0.0	0	1	1
2016.06.27.	72.73	8	3	11
2016.06.28.	72.73	16	6	22
2016.06.29.	78.57	11	3	14
2016.06.30.	93.75	15	1	16
2016.07.01.	76.47	13	4	17
2016.07.02.	60.0	3	2	5
2016.07.03.	50.0	2	2	4
2016.07.04.	76.47	13	4	17
2016.07.05.	36.36	4	7	11
2016.07.06.	30.0	3	7	10
2016.07.07.	90.0	9	1	10
2016.07.08.	50.0	4	4	8
2016.07.09.	0.0	0	1	1
2016.07.10.	50.0	1	1	2
2016.07.11.	75.0	3	1	4
2016.07.12.	64.29	9	5	14
2016.07.13.	81.82	18	4	22
2016.07.14.	56.52	13	10	23
2016.07.15.	46.67	7	8	15
2016.07.16.	100.0	6	0	6
2016.07.17.	33.33	1	2	3
2016.07.18.	57.89	11	8	19
2016.07.19.	47.06	8	9	17
2016.07.20.	50.0	8	8	16
2016.07.21.	53.33	8	7	15
2016.07.22.	30.0	6	14	20
2016.07.23.	83.33	5	1	6
2016.07.24.	66.67	2	1	3
2016.07.25.	88.89	8	1	9
2016.07.26.	72.73	8	3	11
2016.07.27.	30.0	3	7	10
2016.07.28.	42.86	9	12	21
2016.07.29.	64.71	11	6	17
2016.07.30.	100.0	1	0	1
2016.07.31.	100.0	1	0	1
2016.08.01.	71.43	10	4	14
2016.08.02.	18.75	3	13	16
2016.08.03.	33.33	4	8	12
2016.08.04.	70.0	7	3	10
2016.08.05.	25.0	1	3	4
2016.08.06.	66.67	2	1	3
2016.08.07.	25.0	1	3	4
2016.08.08.	64.29	9	5	14
2016.08.09.	60.0	6	4	10
2016.08.10.	71.43	30	12	42
2016.08.11.	55.56	25	20	45
2016.08.12.	71.43	10	4	14
2016.08.13.	66.67	2	1	3
2016.08.15.	42.86	3	4	7
2016.08.16.	33.33	8	16	24
2016.08.17.	29.41	5	12	17
2016.08.18.	78.57	11	3	14
2016.08.19.	58.33	7	5	12
2016.08.20.	100.0	2	0	2
2016.08.21.	25.0	2	6	8
2016.08.22.	29.17	7	17	24
2016.08.23.	64.29	9	5	14
2016.08.24.	31.25	5	11	16
2016.08.25.	29.41	5	12	17
2016.08.26.	46.15	6	7	13
2016.08.27.	25.0	1	3	4
2016.08.28.	66.67	2	1	3
2016.08.29.	66.67	6	3	9
2016.08.30.	72.73	8	3	11
2016.08.31.	31.58	6	13	19
2016.09.01.	50.0	10	10	20
2016.09.02.	78.57	11	3	14
2016.09.03.	50.0	1	1	2
2016.09.04.	50.0	1	1	2
2016.09.05.	100.0	9	0	9
2016.09.06.	80.0	16	4	20
2016.09.07.	41.67	5	7	12
2016.09.08.	63.64	14	8	22
2016.09.09.	34.78	8	15	23
2016.09.10.	50.0	1	1	2
2016.09.11.	75.0	3	1	4
2016.09.12.	45.45	10	12	22
2016.09.13.	75.0	18	6	24
2016.09.14.	50.0	4	4	8
2016.09.15.	100.0	7	0	7
2016.09.16.	75.0	6	2	8
2016.09.17.	100.0	5	0	5
2016.09.18.	100.0	2	0	2
2016.09.19.	78.95	15	4	19
2016.09.20.	63.64	7	4	11
2016.09.21.	75.0	15	5	20
2016.09.22.	69.23	9	4	13
2016.09.23.	71.43	5	2	7
2016.09.25.	100.0	1	0	1
2016.09.26.	27.27	3	8	11
2016.09.27.	36.36	4	7	11
2016.09.28.	36.36	4	7	11
2016.09.29.	87.5	14	2	16
2016.09.30.	61.54	8	5	13
2016.10.02.	50.0	1	1	2
2016.10.03.	66.67	4	2	6
2016.10.04.	46.15	6	7	13
2016.10.05.	57.14	12	9	21
2016.10.06.	62.5	10	6	16
2016.10.07.	46.15	6	7	13
2016.10.08.	100.0	2	0	2
2016.10.09.	0.0	0	1	1
2016.10.10.	50.0	10	10	20
2016.10.11.	57.14	12	9	21
2016.10.12.	41.67	5	7	12
2016.10.13.	29.41	5	12	17
2016.10.14.	71.43	10	4	14
2016.10.15.	100.0	1	0	1
2016.10.16.	50.0	1	1	2
2016.10.17.	45.45	5	6	11
2016.10.18.	64.29	9	5	14
2016.10.19.	66.67	10	5	15
2016.10.20.	50.0	9	9	18
2016.10.21.	42.86	6	8	14
2016.10.22.	50.0	2	2	4
2016.10.23.	100.0	2	0	2
2016.10.24.	66.67	8	4	12
2016.10.25.	29.41	5	12	17
2016.10.26.	36.84	7	12	19
2016.10.27.	61.54	8	5	13
2016.10.28.	58.33	7	5	12
2016.10.29.	50.0	1	1	2
2016.10.30.	0.0	0	1	1
2016.10.31.	22.22	4	14	18
2016.11.01.	35.29	6	11	17
2016.11.02.	41.67	5	7	12
2016.11.03.	57.14	4	3	7
2016.11.04.	20.0	2	8	10
2016.11.06.	100.0	1	0	1
2016.11.07.	80.0	16	4	20
2016.11.08.	64.52	20	11	31
2016.11.09.	57.89	22	16	38
2016.11.10.	55.56	5	4	9
2016.11.11.	28.57	2	5	7
2016.11.12.	80.0	4	1	5
2016.11.13.	50.0	1	1	2
2016.11.14.	55.56	5	4	9
2016.11.15.	35.29	6	11	17
2016.11.16.	85.71	12	2	14
2016.11.17.	50.0	7	7	14
2016.11.18.	36.36	4	7	11
2016.11.19.	100.0	1	0	1
2016.11.20.	50.0	3	3	6
2016.11.21.	50.0	5	5	10
2016.11.22.	70.0	7	3	10
2016.11.23.	62.5	5	3	8
2016.11.24.	0.0	0	9	9
2016.11.25.	57.14	4	3	7
2016.11.26.	0.0	0	0	0
2016.11.27.	0.0	0	0	0
2016.11.28.	53.33	8	7	15
2016.11.29.	42.86	6	8	14
2016.11.30.	56.25	9	7	16
2016.12.01.	69.23	9	4	13
2016.12.02.	40.0	8	12	20
2016.12.03.	50.0	1	1	2
2016.12.04.	0.0	0	2	2
2016.12.05.	37.5	6	10	16
2016.12.06.	77.78	7	2	9
2016.12.07.	50.0	8	8	16
2016.12.08.	90.91	10	1	11
2016.12.09.	50.0	3	3	6
2016.12.10.	100.0	4	0	4
2016.12.11.	75.0	3	1	4
2016.12.12.	60.0	9	6	15
2016.12.13.	100.0	5	0	5
2016.12.14.	78.57	11	3	14
2016.12.15.	60.0	9	6	15
2016.12.16.	42.86	3	4	7
2016.12.18.	50.0	1	1	2
2016.12.19.	66.67	8	4	12
2016.12.20.	41.67	5	7	12
2016.12.21.	70.0	7	3	10
2016.12.22.	70.0	7	3	10
2016.12.23.	63.64	7	4	11
2016.12.24.	66.67	2	1	3
2016.12.25.	66.67	2	1	3
2016.12.26.	50.0	8	8	16
2016.12.27.	84.21	16	3	19
2016.12.28.	60.0	9	6	15
2016.12.29.	56.25	9	7	16
2016.12.30.	83.33	10	2	12
2016.12.31.	100.0	1	0	1
2017.01.01.	100.0	2	0	2
2017.01.02.	53.33	8	7	15
2017.01.03.	94.44	17	1	18
2017.01.04.	47.37	9	10	19
2017.01.05.	35.71	5	9	14
2017.01.06.	85.71	6	1	7
2017.01.08.	50.0	2	2	4
2017.01.09.	85.71	12	2	14
2017.01.10.	16.67	3	15	18
2017.01.11.	93.33	14	1	15
2017.01.12.	54.55	6	5	11
2017.01.13.	45.45	5	6	11
2017.01.14.	100.0	3	0	3
2017.01.15.	50.0	1	1	2
2017.01.16.	36.36	4	7	11
2017.01.17.	63.64	7	4	11
2017.01.18.	64.29	9	5	14
2017.01.19.	66.67	6	3	9
2017.01.20.	28.57	2	5	7
2017.01.21.	100.0	2	0	2
2017.01.22.	25.0	1	3	4
2017.01.23.	58.33	7	5	12
2017.01.24.	27.27	6	16	22
2017.01.25.	42.11	8	11	19
2017.01.26.	66.67	8	4	12
2017.01.27.	100.0	1	0	1
2017.01.28.	75.0	3	1	4
2017.01.29.	33.33	1	2	3
2017.01.30.	100.0	1	0	1
2017.01.31.	18.75	3	13	16
2017.02.01.	60.0	3	2	5
2017.02.02.	12.5	1	7	8
2017.02.03.	50.0	4	4	8
2017.02.04.	100.0	1	0	1
2017.02.05.	75.0	3	1	4
2017.02.06.	80.0	8	2	10
2017.02.07.	42.86	6	8	14
2017.02.08.	52.78	19	17	36
2017.02.09.	58.82	20	14	34
2017.02.10.	70.59	12	5	17
2017.02.11.	66.67	4	2	6
2017.02.12.	25.0	2	6	8
2017.02.13.	48.28	14	15	29
2017.02.14.	36.36	12	21	33
2017.02.15.	54.55	12	10	22
2017.02.16.	45.45	5	6	11
2017.02.17.	50.0	8	8	16
2017.02.18.	75.0	3	1	4
2017.02.19.	0.0	0	2	2
2017.02.20.	55.0	11	9	20
2017.02.21.	83.33	15	3	18
2017.02.22.	55.0	11	9	20
2017.02.23.	33.33	4	8	12
2017.02.24.	46.67	7	8	15
2017.02.25.	100.0	3	0	3
2017.02.26.	62.5	5	3	8
2017.02.27.	26.67	4	11	15
2017.02.28.	62.5	10	6	16
2017.03.01.	0.0	0	1	1
2017.03.02.	42.86	9	12	21
2017.03.03.	40.0	6	9	15
2017.03.04.	75.0	3	1	4
2017.03.05.	66.67	4	2	6
2017.03.06.	52.63	10	9	19
2017.03.07.	56.52	13	10	23
2017.03.08.	72.73	16	6	22
2017.03.09.	94.12	16	1	17
2017.03.10.	74.07	20	7	27
2017.03.11.	80.0	4	1	5
2017.03.12.	100.0	4	0	4
2017.03.13.	76.47	13	4	17
2017.03.14.	78.26	18	5	23
2017.03.15.	33.33	5	10	15
2017.03.16.	85.0	17	3	20
2017.03.17.	40.0	2	3	5
2017.03.18.	33.33	1	2	3
2017.03.19.	66.67	2	1	3
2017.03.20.	40.91	9	13	22
2017.03.21.	76.92	10	3	13
2017.03.22.	36.36	8	14	22
2017.03.23.	70.0	7	3	10
2017.03.24.	55.56	10	8	18
2017.03.25.	0.0	0	2	2
2017.03.26.	57.14	4	3	7
2017.03.27.	53.33	8	7	15
2017.03.28.	65.38	17	9	26
2017.03.29.	57.89	11	8	19
2017.03.30.	52.94	9	8	17
2017.03.31.	69.23	18	8	26
2017.04.01.	71.43	5	2	7
2017.04.02.	50.0	4	4	8
2017.04.03.	70.37	19	8	27
2017.04.04.	25.0	6	18	24
2017.04.05.	46.88	15	17	32
2017.04.06.	51.85	14	13	27
2017.04.07.	60.0	12	8	20
2017.04.08.	83.33	5	1	6
2017.04.09.	0.0	0	1	1
2017.04.10.	23.81	5	16	21
2017.04.11.	65.0	13	7	20
2017.04.12.	47.06	8	9	17
2017.04.13.	93.75	15	1	16
2017.04.14.	23.81	5	16	21
2017.04.15.	60.0	3	2	5
2017.04.16.	0.0	0	7	7
2017.04.17.	60.0	15	10	25
2017.04.18.	68.18	15	7	22
2017.04.19.	53.85	14	12	26
2017.04.20.	62.5	15	9	24
2017.04.21.	57.14	8	6	14
2017.04.22.	0.0	0	1	1
2017.04.23.	100.0	6	0	6
2017.04.24.	60.0	9	6	15
2017.04.25.	76.19	16	5	21
2017.04.26.	80.0	8	2	10
2017.04.27.	40.91	9	13	22
2017.04.28.	26.67	4	11	15
2017.04.29.	100.0	1	0	1
2017.04.30.	0.0	0	3	3
2017.05.01.	66.67	4	2	6
2017.05.02.	52.63	10	9	19
2017.05.03.	100.0	1	0	1
2017.05.04.	78.57	11	3	14
2017.05.05.	100.0	2	0	2
2017.05.07.	100.0	3	0	3
2017.05.08.	86.36	19	3	22
2017.05.09.	50.0	1	1	2
2017.05.10.	33.33	5	10	15
2017.05.11.	78.95	15	4	19
2017.05.12.	35.85	19	34	53
2017.05.13.	66.67	2	1	3
2017.05.14.	75.0	3	1	4
2017.05.15.	58.62	17	12	29
2017.05.16.	50.0	14	14	28
2017.05.17.	41.18	7	10	17
2017.05.18.	33.33	7	14	21
2017.05.19.	68.42	13	6	19
2017.05.20.	100.0	2	0	2
2017.05.21.	66.67	2	1	3
2017.05.22.	80.77	21	5	26
2017.05.23.	72.22	13	5	18
2017.05.24.	61.54	8	5	13
2017.05.25.	62.5	10	6	16
2017.05.26.	66.67	12	6	18
2017.05.27.	50.0	2	2	4
2017.05.28.	100.0	1	0	1
2017.05.29.	61.11	11	7	18
2017.05.30.	52.17	12	11	23
2017.05.31.	75.0	9	3	12
2017.06.01.	54.55	6	5	11
2017.06.02.	83.33	5	1	6
2017.06.03.	0.0	0	2	2
2017.06.04.	50.0	1	1	2
2017.06.05.	75.0	15	5	20
2017.06.06.	100.0	2	0	2
2017.06.07.	78.95	15	4	19
2017.06.08.	68.75	11	5	16
2017.06.09.	66.67	6	3	9
2017.06.10.	50.0	1	1	2
2017.06.11.	100.0	1	0	1
2017.06.12.	42.86	9	12	21
2017.06.13.	69.23	9	4	13
2017.06.14.	53.85	7	6	13
2017.06.15.	55.56	10	8	18
2017.06.16.	62.5	5	3	8
2017.06.17.	100.0	1	0	1
2017.06.18.	0.0	0	1	1
2017.06.19.	66.67	6	3	9
2017.06.20.	58.33	7	5	12
2017.06.21.	7.69	1	12	13
2017.06.22.	33.33	4	8	12
2017.06.23.	82.35	14	3	17
2017.06.24.	100.0	2	0	2
2017.06.25.	50.0	1	1	2
2017.06.26.	62.5	5	3	8
2017.06.27.	71.43	5	2	7
2017.06.28.	38.46	5	8	13
2017.06.29.	100.0	11	0	11
2017.06.30.	55.0	11	9	20
2017.07.03.	44.44	8	10	18
2017.07.04.	60.0	9	6	15
2017.07.05.	61.54	8	5	13
2017.07.06.	60.0	6	4	10
2017.07.07.	16.67	1	5	6
2017.07.08.	100.0	3	0	3
2017.07.09.	0.0	0	2	2
2017.07.10.	60.0	9	6	15
2017.07.11.	78.57	11	3	14
2017.07.12.	45.0	9	11	20
2017.07.13.	86.67	13	2	15
2017.07.14.	52.94	9	8	17
2017.07.16.	33.33	1	2	3
2017.07.17.	66.67	8	4	12
2017.07.18.	50.0	12	12	24
2017.07.19.	76.92	10	3	13
2017.07.20.	75.0	9	3	12
2017.07.21.	65.0	13	7	20
2017.07.22.	100.0	2	0	2
2017.07.23.	0.0	0	1	1
2017.07.24.	69.23	9	4	13
2017.07.25.	40.0	8	12	20
2017.07.26.	38.46	5	8	13
2017.07.27.	58.33	7	5	12
2017.07.28.	33.33	6	12	18
2017.07.29.	50.0	1	1	2
2017.07.30.	100.0	1	0	1
2017.07.31.	58.33	7	5	12
2017.08.01.	80.0	4	1	5
2017.08.02.	80.0	12	3	15
2017.08.03.	38.46	5	8	13
2017.08.04.	62.5	10	6	16
2017.08.05.	100.0	1	0	1
2017.08.06.	66.67	4	2	6
2017.08.07.	73.33	11	4	15
2017.08.08.	73.53	25	9	34
2017.08.09.	61.9	13	8	21
2017.08.10.	50.0	7	7	14
2017.08.11.	10.0	1	9	10
2017.08.13.	60.0	3	2	5
2017.08.14.	60.0	6	4	10
2017.08.15.	0.0	0	3	3
2017.08.16.	91.67	11	1	12
2017.08.17.	63.64	7	4	11
2017.08.18.	57.14	8	6	14
2017.08.19.	0.0	0	1	1
2017.08.21.	0.0	0	6	6
2017.08.22.	52.94	9	8	17
2017.08.23.	36.36	8	14	22
2017.08.24.	76.92	10	3	13
2017.08.25.	69.23	9	4	13
2017.08.27.	100.0	4	0	4
2017.08.28.	68.75	11	5	16
2017.08.29.	50.0	5	5	10
2017.08.30.	78.57	11	3	14
2017.08.31.	50.0	6	6	12
2017.09.01.	53.85	7	6	13
2017.09.02.	0.0	0	0	0
2017.09.03.	0.0	0	1	1
2017.09.04.	60.0	6	4	10
2017.09.05.	33.33	4	8	12
2017.09.06.	70.0	7	3	10
2017.09.07.	91.67	11	1	12
2017.09.08.	46.67	7	8	15
2017.09.09.	100.0	2	0	2
2017.09.10.	0.0	0	1	1
2017.09.11.	80.0	8	2	10
2017.09.12.	75.0	6	2	8
2017.09.13.	28.57	2	5	7
2017.09.14.	91.67	11	1	12
2017.09.15.	75.0	9	3	12
2017.09.16.	0.0	0	0	0
2017.09.17.	75.0	3	1	4
2017.09.18.	77.27	17	5	22
2017.09.19.	44.44	8	10	18
2017.09.20.	58.33	7	5	12
2017.09.21.	25.0	2	6	8
2017.09.22.	38.46	5	8	13
2017.09.23.	0.0	0	1	1
2017.09.24.	66.67	2	1	3
2017.09.25.	50.0	11	11	22
2017.09.26.	50.0	9	9	18
2017.09.27.	60.0	9	6	15
2017.09.28.	66.67	10	5	15
2017.09.29.	88.89	8	1	9
2017.09.30.	100.0	2	0	2
2017.10.01.	75.0	3	1	4
2017.10.02.	75.0	6	2	8
2017.10.03.	0.0	0	1	1
2017.10.04.	0.0	0	2	2
2017.10.05.	100.0	1	0	1
2017.10.06.	100.0	2	0	2
2017.10.07.	0.0	0	1	1
2017.10.08.	100.0	3	0	3
2017.10.09.	60.0	3	2	5
2017.10.10.	86.96	20	3	23
2017.10.11.	83.33	10	2	12
2017.10.12.	100.0	7	0	7
2017.10.13.	30.0	3	7	10
2017.10.14.	88.89	8	1	9
2017.10.15.	75.0	3	1	4
2017.10.16.	72.73	8	3	11
2017.10.17.	81.25	13	3	16
2017.10.18.	87.5	14	2	16
2017.10.19.	55.56	10	8	18
2017.10.20.	90.0	9	1	10
2017.10.22.	66.67	2	1	3
2017.10.23.	76.47	13	4	17
2017.10.24.	44.44	4	5	9
2017.10.25.	70.59	12	5	17
2017.10.26.	33.33	4	8	12
2017.10.27.	71.43	5	2	7
2017.10.28.	0.0	0	1	1
2017.10.29.	66.67	2	1	3
2017.10.30.	77.78	7	2	9
2017.10.31.	90.91	10	1	11
2017.11.01.	100.0	8	0	8
2017.11.02.	75.0	9	3	12
2017.11.03.	62.5	5	3	8
2017.11.05.	100.0	1	0	1
2017.11.06.	72.22	13	5	18
2017.11.07.	57.45	27	20	47
2017.11.08.	62.96	17	10	27
2017.11.09.	56.25	9	7	16
2017.11.10.	83.33	5	1	6
2017.11.11.	0.0	0	0	0
2017.11.12.	75.0	3	1	4
2017.11.13.	80.0	12	3	15
2017.11.14.	66.67	6	3	9
2017.11.15.	78.95	15	4	19
2017.11.16.	81.25	13	3	16
2017.11.17.	80.0	8	2	10
2017.11.18.	60.0	3	2	5
2017.11.19.	100.0	5	0	5
2017.11.20.	80.0	12	3	15
2017.11.21.	92.31	12	1	13
2017.11.22.	61.54	8	5	13
2017.11.23.	88.89	16	2	18
2017.11.24.	69.23	9	4	13
2017.11.25.	100.0	3	0	3
2017.11.26.	89.19	33	4	37
2017.11.27.	80.0	16	4	20
2017.11.28.	54.55	6	5	11
2017.11.29.	80.0	8	2	10
2017.11.30.	66.67	6	3	9
2017.12.01.	75.0	6	2	8
2017.12.02.	0.0	0	2	2
2017.12.03.	100.0	1	0	1
2017.12.04.	81.82	9	2	11
2017.12.05.	16.67	1	5	6
2017.12.06.	83.33	5	1	6
2017.12.07.	33.33	2	4	6
2017.12.08.	28.57	2	5	7
2017.12.09.	0.0	0	1	1
2017.12.10.	100.0	3	0	3
2017.12.11.	75.0	15	5	20
2017.12.12.	75.0	3	1	4
2017.12.13.	88.89	8	1	9
2017.12.14.	58.33	7	5	12
2017.12.15.	40.0	2	3	5
2017.12.17.	60.0	3	2	5
2017.12.18.	66.67	6	3	9
2017.12.19.	64.29	9	5	14
2017.12.20.	60.0	3	2	5
2017.12.21.	71.43	5	2	7
2017.12.22.	69.23	9	4	13
2017.12.23.	66.67	2	1	3
2017.12.24.	100.0	1	0	1
2017.12.25.	83.33	5	1	6
2017.12.26.	90.91	10	1	11
2017.12.27.	77.78	7	2	9
2017.12.28.	75.0	6	2	8
2017.12.29.	83.33	5	1	6
2017.12.30.	100.0	3	0	3
2017.12.31.	66.67	4	2	6
2018.01.01.	90.0	9	1	10
2018.01.02.	92.31	12	1	13
2018.01.03.	87.5	7	1	8
2018.01.04.	100.0	4	0	4
2018.01.05.	92.86	13	1	14
2018.01.06.	0.0	0	1	1
2018.01.07.	0.0	0	0	0
2018.01.08.	37.5	3	5	8
2018.01.09.	75.0	3	1	4
2018.01.10.	100.0	3	0	3
2018.01.11.	55.56	5	4	9
2018.01.12.	44.44	4	5	9
2018.01.13.	0.0	0	0	0
2018.01.14.	40.0	2	3	5
2018.01.15.	63.64	7	4	11
2018.01.16.	77.78	7	2	9
2018.01.17.	40.0	4	6	10
2018.01.18.	94.12	16	1	17
2018.01.19.	63.64	7	4	11
2018.01.20.	50.0	2	2	4
2018.01.22.	80.0	8	2	10
2018.01.23.	66.67	10	5	15
2018.01.24.	81.82	9	2	11
2018.01.25.	75.0	9	3	12
2018.01.26.	85.71	12	2	14
2018.01.28.	50.0	1	1	2
2018.01.29.	77.78	7	2	9
2018.01.30.	72.73	8	3	11
2018.01.31.	60.0	9	6	15
2018.02.01.	40.0	4	6	10
2018.02.02.	57.14	12	9	21
2018.02.03.	33.33	1	2	3
2018.02.04.	100.0	4	0	4
2018.02.05.	70.0	14	6	20
2018.02.06.	50.0	15	15	30
2018.02.07.	62.5	5	3	8
2018.02.08.	33.33	3	6	9
2018.02.09.	45.45	5	6	11
2018.02.10.	0.0	0	1	1
2018.02.11.	100.0	2	0	2
2018.02.12.	66.67	6	3	9
2018.02.13.	41.67	10	14	24
2018.02.14.	50.0	7	7	14
2018.02.15.	75.0	3	1	4
2018.02.16.	100.0	1	0	1
2018.02.17.	100.0	4	0	4
2018.02.18.	0.0	0	3	3
2018.02.19.	33.33	2	4	6
2018.02.20.	33.33	3	6	9
2018.02.21.	75.0	6	2	8
2018.02.22.	50.0	6	6	12
2018.02.23.	42.86	3	4	7
2018.02.26.	62.07	18	11	29
2018.02.27.	55.88	19	15	34
2018.02.28.	33.33	5	10	15
2018.03.01.	50.0	3	3	6
2018.03.02.	66.67	8	4	12
2018.03.03.	50.0	2	2	4
2018.03.04.	33.33	1	2	3
2018.03.05.	56.25	9	7	16
2018.03.06.	92.86	13	1	14
2018.03.07.	66.67	10	5	15
2018.03.08.	70.59	12	5	17
2018.03.09.	56.25	9	7	16
2018.03.10.	100.0	2	0	2
2018.03.11.	25.0	1	3	4
2018.03.12.	77.78	14	4	18
2018.03.13.	87.5	7	1	8
2018.03.14.	75.0	6	2	8
2018.03.15.	63.64	7	4	11
2018.03.16.	85.0	17	3	20
2018.03.17.	100.0	1	0	1
2018.03.18.	83.33	5	1	6
2018.03.19.	18.75	3	13	16
2018.03.20.	67.86	19	9	28
2018.03.21.	35.29	6	11	17
2018.03.22.	56.25	9	7	16
2018.03.23.	28.57	6	15	21
2018.03.24.	50.0	1	1	2
2018.03.25.	71.43	5	2	7
2018.03.26.	66.67	16	8	24
2018.03.27.	66.67	14	7	21
2018.03.28.	40.0	6	9	15
2018.03.29.	61.9	13	8	21
2018.03.30.	89.47	17	2	19
2018.04.01.	100.0	4	0	4
2018.04.02.	40.74	11	16	27
2018.04.03.	58.82	10	7	17
2018.04.04.	57.14	8	6	14
2018.04.05.	66.67	16	8	24
2018.04.06.	22.22	2	7	9
2018.04.07.	100.0	4	0	4
2018.04.08.	100.0	4	0	4
2018.04.09.	90.91	10	1	11
2018.04.10.	73.33	11	4	15
2018.04.11.	56.25	9	7	16
2018.04.12.	69.23	9	4	13
2018.04.13.	63.64	7	4	11
2018.04.14.	40.0	2	3	5
2018.04.15.	50.0	5	5	10
2018.04.16.	50.0	5	5	10
2018.04.17.	76.92	10	3	13
2018.04.18.	62.07	18	11	29
2018.04.19.	29.41	5	12	17
2018.04.20.	58.82	10	7	17
2018.04.21.	40.0	2	3	5
2018.04.22.	80.0	4	1	5
2018.04.23.	53.33	8	7	15
2018.04.24.	47.37	9	10	19
2018.04.25.	60.0	6	4	10
2018.04.26.	69.23	9	4	13
2018.04.27.	75.0	9	3	12
2018.04.28.	100.0	1	0	1
2018.04.29.	0.0	0	1	1
2018.04.30.	75.0	9	3	12
2018.05.01.	66.67	2	1	3
2018.05.02.	50.0	7	7	14
2018.05.03.	56.25	9	7	16
2018.05.04.	47.62	10	11	21
2018.05.05.	50.0	1	1	2
2018.05.06.	100.0	1	0	1
2018.05.07.	75.0	9	3	12
2018.05.08.	52.63	10	9	19
2018.05.09.	77.78	7	2	9
2018.05.10.	68.97	20	9	29
2018.05.11.	61.54	16	10	26
2018.05.12.	50.0	1	1	2
2018.05.13.	33.33	1	2	3
2018.05.14.	48.0	12	13	25
2018.05.15.	61.9	13	8	21
2018.05.16.	46.15	6	7	13
2018.05.17.	50.0	7	7	14
2018.05.18.	81.25	13	3	16
2018.05.19.	100.0	3	0	3
2018.05.20.	100.0	1	0	1
2018.05.21.	72.73	16	6	22
2018.05.22.	100.0	5	0	5
2018.05.23.	46.15	6	7	13
2018.05.24.	86.67	13	2	15
2018.05.25.	64.71	11	6	17
2018.05.26.	33.33	1	2	3
2018.05.27.	80.0	4	1	5
2018.05.28.	78.95	15	4	19
2018.05.29.	35.0	7	13	20
2018.05.30.	42.86	9	12	21
2018.05.31.	77.78	14	4	18
2018.06.01.	68.42	13	6	19
2018.06.02.	100.0	2	0	2
2018.06.03.	57.14	4	3	7
2018.06.04.	70.0	14	6	20
2018.06.05.	65.0	13	7	20
2018.06.06.	80.0	4	1	5
2018.06.07.	80.0	20	5	25
2018.06.08.	43.75	7	9	16
2018.06.09.	100.0	1	0	1
2018.06.11.	58.62	17	12	29
2018.06.12.	70.83	17	7	24
2018.06.13.	50.0	3	3	6
2018.06.14.	43.48	10	13	23
2018.06.15.	47.06	8	9	17
2018.06.16.	0.0	0	2	2
2018.06.17.	50.0	1	1	2
2018.06.18.	53.57	15	13	28
2018.06.19.	66.67	14	7	21
2018.06.20.	73.33	11	4	15
2018.06.21.	50.0	7	7	14
2018.06.22.	70.59	12	5	17
2018.06.23.	75.0	3	1	4
2018.06.24.	50.0	1	1	2
2018.06.25.	72.0	18	7	25
2018.06.26.	18.18	4	18	22
2018.06.27.	35.29	6	11	17
2018.06.28.	42.86	6	8	14
2018.06.29.	85.71	18	3	21
2018.06.30.	33.33	1	2	3
2018.07.01.	60.0	3	2	5
2018.07.02.	50.0	12	12	24
2018.07.03.	69.23	9	4	13
2018.07.04.	52.94	9	8	17
2018.07.05.	43.75	7	9	16
2018.07.06.	84.62	11	2	13
2018.07.07.	100.0	8	0	8
2018.07.08.	50.0	3	3	6
2018.07.09.	68.0	17	8	25
2018.07.10.	58.82	10	7	17
2018.07.11.	50.0	6	6	12
2018.07.12.	80.0	8	2	10
2018.07.13.	70.0	14	6	20
2018.07.14.	50.0	2	2	4
2018.07.15.	66.67	2	1	3
2018.07.16.	55.17	16	13	29
2018.07.17.	54.55	12	10	22
2018.07.18.	57.14	8	6	14
2018.07.19.	18.18	2	9	11
2018.07.20.	46.15	6	7	13
2018.07.21.	0.0	0	3	3
2018.07.22.	50.0	2	2	4
2018.07.23.	38.89	7	11	18
2018.07.24.	77.78	14	4	18
2018.07.25.	35.71	5	9	14
2018.07.26.	88.89	8	1	9
2018.07.27.	60.0	12	8	20
2018.07.28.	33.33	1	2	3
2018.07.29.	75.0	3	1	4
2018.07.30.	44.44	8	10	18
2018.07.31.	33.33	3	6	9
2018.08.01.	61.54	8	5	13
2018.08.02.	30.0	3	7	10
2018.08.03.	76.92	10	3	13
2018.08.04.	100.0	5	0	5
2018.08.05.	80.0	4	1	5
2018.08.06.	73.33	11	4	15
2018.08.07.	50.0	5	5	10
2018.08.08.	52.63	20	18	38
2018.08.09.	45.16	14	17	31
2018.08.10.	41.67	5	7	12
2018.08.11.	25.0	1	3	4
2018.08.12.	25.0	1	3	4
2018.08.13.	47.37	9	10	19
2018.08.14.	72.22	13	5	18
2018.08.15.	0.0	0	1	1
2018.08.16.	38.46	5	8	13
2018.08.17.	62.5	10	6	16
2018.08.18.	50.0	2	2	4
2018.08.19.	60.0	3	2	5
2018.08.20.	41.67	5	7	12
2018.08.21.	93.33	14	1	15
2018.08.22.	72.0	18	7	25
2018.08.23.	66.67	10	5	15
2018.08.24.	88.24	15	2	17
2018.08.25.	66.67	2	1	3
2018.08.26.	33.33	1	2	3
2018.08.27.	83.33	20	4	24
2018.08.28.	60.0	9	6	15
2018.08.29.	80.0	12	3	15
2018.08.30.	50.0	2	2	4
2018.08.31.	76.92	20	6	26
2018.09.03.	64.29	9	5	14
2018.09.04.	77.27	17	5	22
2018.09.05.	53.85	7	6	13
2018.09.06.	50.0	5	5	10
2018.09.07.	66.67	6	3	9
2018.09.08.	0.0	0	2	2
2018.09.09.	66.67	2	1	3
2018.09.10.	73.33	11	4	15
2018.09.11.	81.25	13	3	16
2018.09.12.	57.14	4	3	7
2018.09.13.	87.5	7	1	8
2018.09.14.	56.52	13	10	23
2018.09.15.	28.57	4	10	14
2018.09.16.	50.0	7	7	14
2018.09.17.	52.38	11	10	21
2018.09.18.	69.23	9	4	13
2018.09.19.	53.33	8	7	15
2018.09.20.	68.75	11	5	16
2018.09.21.	87.5	21	3	24
2018.09.22.	100.0	1	0	1
2018.09.23.	100.0	5	0	5
2018.09.24.	100.0	6	0	6
2018.09.25.	50.0	2	2	4
2018.09.26.	100.0	2	0	2
2018.09.27.	72.0	18	7	25
2018.09.28.	53.85	7	6	13
2018.09.29.	0.0	0	1	1
2018.09.30.	100.0	2	0	2
2018.10.01.	60.0	6	4	10
2018.10.02.	53.85	14	12	26
2018.10.03.	75.0	3	1	4
2018.10.04.	56.25	9	7	16
2018.10.05.	50.0	6	6	12
2018.10.06.	0.0	0	0	0
2018.10.07.	100.0	1	0	1
2018.10.08.	61.11	11	7	18
2018.10.09.	100.0	1	0	1
2018.10.10.	45.0	9	11	20
2018.10.11.	22.22	2	7	9
2018.10.12.	94.74	18	1	19
2018.10.13.	81.48	22	5	27
2018.10.14.	85.0	17	3	20
2018.10.15.	66.67	20	10	30
2018.10.16.	70.59	12	5	17
2018.10.17.	80.0	16	4	20
2018.10.18.	47.06	8	9	17
2018.10.19.	72.0	18	7	25
2018.10.20.	100.0	3	0	3
2018.10.21.	88.89	8	1	9
2018.10.22.	72.0	18	7	25
2018.10.23.	16.67	2	10	12
2018.10.24.	40.0	6	9	15
2018.10.25.	50.0	6	6	12
2018.10.26.	42.86	3	4	7
2018.10.27.	100.0	1	0	1
2018.10.28.	70.0	7	3	10
2018.10.29.	58.82	10	7	17
2018.10.30.	60.0	9	6	15
2018.10.31.	62.5	5	3	8
2018.11.01.	41.67	5	7	12
2018.11.02.	83.33	15	3	18
2018.11.03.	0.0	0	0	0
2018.11.04.	66.67	2	1	3
2018.11.05.	57.89	11	8	19
2018.11.06.	50.0	6	6	12
2018.11.07.	43.86	25	32	57
2018.11.08.	54.84	17	14	31
2018.11.09.	41.67	10	14	24
2018.11.11.	28.57	2	5	7
2018.11.12.	22.73	5	17	22
2018.11.13.	23.53	4	13	17
2018.11.14.	62.96	17	10	27
2018.11.15.	73.33	22	8	30
2018.11.16.	75.0	12	4	16
2018.11.17.	100.0	1	0	1
2018.11.18.	50.0	1	1	2
2018.11.19.	93.33	14	1	15
2018.11.20.	58.33	7	5	12
2018.11.21.	38.46	5	8	13
2018.11.22.	72.73	8	3	11
2018.11.23.	41.67	5	7	12
2018.11.25.	100.0	1	0	1
2018.11.26.	66.67	10	5	15
2018.11.27.	62.5	15	9	24
2018.11.28.	66.67	12	6	18
2018.11.29.	57.14	8	6	14
2018.11.30.	50.0	11	11	22
2018.12.01.	100.0	1	0	1
2018.12.03.	73.33	11	4	15
2018.12.04.	50.0	5	5	10
2018.12.05.	70.0	7	3	10
2018.12.06.	37.5	9	15	24
2018.12.07.	63.16	12	7	19
2018.12.08.	50.0	1	1	2
2018.12.09.	100.0	1	0	1
2018.12.10.	44.44	8	10	18
2018.12.11.	25.0	5	15	20
2018.12.12.	100.0	23	0	23
2018.12.13.	88.24	15	2	17
2018.12.14.	39.39	13	20	33
2018.12.15.	100.0	1	0	1
2018.12.16.	50.0	1	1	2
2018.12.17.	50.0	8	8	16
2018.12.18.	50.0	9	9	18
2018.12.19.	79.31	23	6	29
2018.12.20.	55.56	10	8	18
2018.12.21.	70.0	7	3	10
2018.12.22.	0.0	0	0	0
2018.12.23.	83.33	5	1	6
2018.12.24.	53.85	7	6	13
2018.12.25.	75.0	3	1	4
2018.12.26.	50.0	6	6	12
2018.12.27.	62.5	5	3	8
2018.12.28.	76.92	10	3	13
2018.12.29.	0.0	0	1	1
2018.12.30.	100.0	2	0	2
2018.12.31.	60.0	6	4	10
2019.01.01.	100.0	5	0	5
2019.01.02.	64.29	9	5	14
2019.01.03.	80.0	12	3	15
2019.01.04.	64.71	11	6	17
2019.01.05.	0.0	0	2	2
2019.01.06.	40.0	2	3	5
2019.01.07.	69.23	9	4	13
2019.01.08.	60.0	12	8	20
2019.01.09.	68.42	13	6	19
2019.01.10.	64.0	16	9	25
2019.01.11.	58.82	10	7	17
2019.01.12.	33.33	2	4	6
2019.01.13.	66.67	2	1	3
2019.01.14.	36.0	9	16	25
2019.01.15.	54.55	6	5	11
2019.01.16.	85.71	12	2	14
2019.01.17.	85.71	6	1	7
2019.01.18.	90.48	19	2	21
2019.01.19.	75.0	3	1	4
2019.01.20.	100.0	1	0	1
2019.01.21.	52.94	9	8	17
2019.01.22.	58.33	7	5	12
2019.01.23.	70.0	7	3	10
2019.01.24.	61.11	11	7	18
2019.01.25.	60.0	9	6	15
2019.01.27.	0.0	0	1	1
2019.01.28.	60.0	9	6	15
2019.01.29.	37.5	3	5	8
2019.01.30.	63.64	7	4	11
2019.01.31.	71.43	15	6	21
2019.02.01.	66.67	12	6	18
2019.02.02.	50.0	1	1	2
2019.02.03.	80.0	4	1	5
2019.02.04.	75.0	3	1	4
2019.02.05.	50.0	1	1	2
2019.02.06.	50.0	2	2	4
2019.02.07.	66.67	6	3	9
2019.02.08.	61.4	35	22	57
2019.02.09.	20.0	1	4	5
2019.02.10.	80.0	4	1	5
2019.02.11.	78.72	37	10	47
2019.02.12.	61.54	8	5	13
2019.02.13.	66.67	8	4	12
2019.02.14.	66.67	10	5	15
2019.02.15.	52.94	9	8	17
2019.02.16.	50.0	2	2	4
2019.02.17.	50.0	3	3	6
2019.02.18.	81.48	22	5	27
2019.02.19.	64.0	16	9	25
2019.02.20.	64.29	9	5	14
2019.02.21.	70.59	12	5	17
2019.02.22.	81.25	13	3	16
2019.02.24.	100.0	2	0	2
2019.02.25.	77.78	14	4	18
2019.02.26.	58.82	10	7	17
2019.02.27.	85.71	12	2	14
2019.02.28.	66.67	12	6	18
2019.03.01.	50.0	1	1	2
2019.03.03.	0.0	0	0	0
2019.03.04.	63.16	12	7	19
2019.03.05.	64.29	9	5	14
2019.03.06.	76.92	20	6	26
2019.03.07.	78.26	18	5	23
2019.03.08.	58.82	10	7	17
2019.03.09.	75.0	3	1	4
2019.03.10.	100.0	3	0	3
2019.03.11.	60.87	14	9	23
2019.03.12.	71.43	10	4	14
2019.03.13.	61.29	19	12	31
2019.03.14.	70.97	22	9	31
2019.03.15.	58.33	7	5	12
2019.03.16.	100.0	2	0	2
2019.03.17.	60.0	3	2	5
2019.03.18.	76.92	10	3	13
2019.03.19.	62.96	17	10	27
2019.03.20.	52.63	10	9	19
2019.03.21.	41.18	7	10	17
2019.03.22.	78.95	15	4	19
2019.03.23.	66.67	2	1	3
2019.03.24.	100.0	3	0	3
2019.03.25.	61.54	8	5	13
2019.03.26.	93.33	14	1	15
2019.03.27.	73.33	11	4	15
2019.03.28.	61.54	8	5	13
2019.03.29.	84.21	16	3	19
2019.03.30.	100.0	2	0	2
2019.03.31.	100.0	1	0	1
2019.04.01.	63.16	12	7	19
2019.04.02.	66.67	10	5	15
2019.04.03.	59.09	13	9	22
2019.04.04.	65.0	13	7	20
2019.04.05.	62.5	10	6	16
2019.04.06.	100.0	1	0	1
2019.04.07.	50.0	3	3	6
2019.04.08.	72.0	18	7	25
2019.04.09.	66.67	14	7	21
2019.04.10.	76.92	10	3	13
2019.04.11.	55.0	11	9	20
2019.04.12.	73.91	17	6	23
2019.04.13.	100.0	2	0	2
2019.04.14.	100.0	3	0	3
2019.04.15.	52.63	10	9	19
2019.04.16.	60.0	6	4	10
2019.04.17.	62.5	10	6	16
2019.04.18.	76.19	16	5	21
2019.04.19.	70.0	7	3	10
2019.04.20.	100.0	1	0	1
2019.04.21.	50.0	1	1	2
2019.04.22.	66.67	6	3	9
2019.04.23.	57.14	8	6	14
2019.04.24.	55.56	10	8	18
2019.04.25.	66.67	6	3	9
2019.04.26.	68.75	11	5	16
2019.04.27.	0.0	0	2	2
2019.04.28.	0.0	0	0	0
2019.04.29.	72.73	8	3	11
2019.04.30.	71.43	10	4	14
2019.05.01.	50.0	2	2	4
2019.05.02.	63.64	7	4	11
2019.05.03.	73.68	14	5	19
2019.05.04.	100.0	2	0	2
2019.05.05.	75.0	3	1	4
2019.05.06.	100.0	3	0	3
2019.05.07.	50.0	11	11	22
2019.05.08.	81.25	13	3	16
2019.05.09.	70.59	12	5	17
2019.05.10.	52.17	24	22	46
2019.05.11.	40.0	2	3	5
2019.05.12.	33.33	1	2	3
2019.05.13.	60.53	23	15	38
2019.05.14.	62.5	10	6	16
2019.05.15.	37.5	9	15	24
2019.05.16.	66.67	16	8	24
2019.05.17.	68.42	13	6	19
2019.05.18.	66.67	2	1	3
2019.05.19.	66.67	12	6	18
2019.05.20.	50.0	9	9	18
2019.05.21.	60.87	14	9	23
2019.05.22.	75.0	12	4	16
2019.05.23.	65.38	17	9	26
2019.05.24.	55.56	10	8	18
2019.05.25.	75.0	3	1	4
2019.05.26.	50.0	2	2	4
2019.05.27.	52.0	13	12	25
2019.05.28.	66.67	12	6	18
2019.05.29.	56.25	9	7	16
2019.05.30.	62.5	5	3	8
2019.05.31.	80.0	12	3	15
2019.06.01.	90.91	10	1	11
2019.06.02.	66.67	2	1	3
2019.06.03.	56.52	13	10	23
2019.06.04.	66.67	10	5	15
2019.06.05.	50.0	10	10	20
2019.06.06.	83.33	5	1	6
2019.06.07.	69.23	9	4	13
2019.06.08.	60.0	3	2	5
2019.06.09.	80.0	4	1	5
2019.06.10.	56.25	9	7	16
2019.06.11.	55.56	10	8	18
2019.06.12.	78.95	15	4	19
2019.06.13.	69.23	9	4	13
2019.06.14.	63.64	14	8	22
2019.06.15.	87.5	7	1	8
2019.06.16.	75.0	6	2	8
2019.06.17.	81.25	13	3	16
2019.06.18.	77.27	17	5	22
2019.06.19.	93.33	14	1	15
2019.06.20.	89.47	17	2	19
2019.06.21.	62.5	10	6	16
2019.06.22.	100.0	2	0	2
2019.06.23.	66.67	2	1	3
2019.06.24.	73.68	14	5	19
2019.06.25.	53.85	7	6	13
2019.06.26.	72.73	8	3	11
2019.06.27.	72.73	8	3	11
2019.06.28.	53.85	7	6	13
2019.06.29.	62.5	5	3	8
2019.06.30.	50.0	2	2	4
2019.07.01.	60.0	15	10	25
2019.07.02.	61.54	8	5	13
2019.07.03.	50.0	4	4	8
2019.07.04.	61.54	8	5	13
2019.07.05.	77.78	7	2	9
2019.07.06.	100.0	1	0	1
2019.07.07.	100.0	5	0	5
2019.07.08.	80.0	8	2	10
2019.07.09.	64.29	9	5	14
2019.07.10.	71.43	10	4	14
2019.07.11.	75.0	9	3	12
2019.07.12.	90.91	10	1	11
2019.07.13.	0.0	0	1	1
2019.07.14.	75.0	3	1	4
2019.07.15.	73.33	11	4	15
2019.07.16.	61.54	8	5	13
2019.07.17.	70.0	7	3	10
2019.07.18.	83.33	10	2	12
2019.07.19.	66.67	8	4	12
2019.07.20.	0.0	0	0	0
2019.07.22.	50.0	8	8	16
2019.07.23.	61.54	8	5	13
2019.07.24.	75.0	9	3	12
2019.07.25.	90.0	9	1	10
2019.07.26.	55.56	10	8	18
2019.07.27.	75.0	3	1	4
2019.07.28.	0.0	0	1	1
2019.07.29.	80.0	12	3	15
2019.07.30.	83.33	10	2	12
2019.07.31.	57.14	8	6	14
2019.08.01.	62.5	10	6	16
2019.08.02.	61.54	8	5	13
2019.08.03.	50.0	4	4	8
2019.08.04.	80.0	4	1	5
2019.08.05.	66.67	8	4	12
2019.08.06.	72.73	16	6	22
2019.08.07.	70.0	7	3	10
2019.08.08.	87.5	14	2	16
2019.08.09.	60.0	12	8	20
2019.08.10.	75.0	9	3	12
2019.08.11.	50.0	2	2	4
2019.08.12.	56.6	30	23	53
2019.08.13.	68.42	13	6	19
2019.08.14.	57.14	8	6	14
2019.08.15.	33.33	2	4	6
2019.08.16.	57.14	8	6	14
2019.08.17.	100.0	3	0	3
2019.08.18.	100.0	2	0	2
2019.08.19.	57.14	8	6	14
2019.08.20.	60.0	3	2	5
2019.08.21.	60.0	9	6	15
2019.08.22.	55.56	5	4	9
2019.08.23.	60.0	6	4	10
2019.08.24.	100.0	1	0	1
2019.08.25.	50.0	1	1	2
2019.08.26.	68.75	11	5	16
2019.08.27.	73.68	14	5	19
2019.08.28.	84.62	11	2	13
2019.08.29.	61.54	8	5	13
2019.08.30.	81.82	9	2	11
2019.08.31.	100.0	1	0	1
2019.09.01.	66.67	2	1	3
2019.09.02.	84.21	16	3	19
2019.09.03.	57.14	12	9	21
2019.09.04.	66.67	6	3	9
2019.09.05.	50.0	3	3	6
2019.09.06.	71.43	5	2	7
2019.09.08.	100.0	3	0	3
2019.09.09.	53.85	7	6	13
2019.09.10.	68.75	11	5	16
2019.09.11.	82.35	14	3	17
2019.09.12.	60.0	3	2	5
2019.09.13.	100.0	3	0	3
2019.09.14.	100.0	4	0	4
2019.09.15.	0.0	0	1	1
2019.09.16.	66.67	4	2	6
2019.09.17.	62.5	5	3	8
2019.09.18.	68.75	11	5	16
2019.09.19.	44.44	4	5	9
2019.09.20.	63.64	7	4	11
2019.09.21.	75.0	3	1	4
2019.09.22.	100.0	3	0	3
2019.09.23.	56.25	9	7	16
2019.09.24.	60.0	6	4	10
2019.09.25.	66.67	8	4	12
2019.09.26.	76.92	10	3	13
2019.09.27.	66.67	6	3	9
2019.09.28.	100.0	2	0	2
2019.09.29.	100.0	1	0	1
2019.09.30.	61.54	8	5	13
2019.10.01.	70.0	7	3	10
2019.10.02.	61.11	11	7	18
2019.10.03.	66.67	4	2	6
2019.10.04.	75.0	9	3	12
2019.10.05.	0.0	0	2	2
2019.10.06.	33.33	1	2	3
2019.10.07.	83.33	5	1	6
2019.10.08.	100.0	6	0	6
2019.10.09.	33.33	1	2	3
2019.10.10.	77.78	7	2	9
2019.10.11.	56.25	9	7	16
2019.10.12.	100.0	3	0	3
2019.10.13.	100.0	1	0	1
2019.10.14.	77.78	7	2	9
2019.10.15.	71.43	5	2	7
2019.10.16.	77.78	7	2	9
2019.10.17.	71.43	5	2	7
2019.10.18.	77.78	7	2	9
2019.10.19.	100.0	2	0	2
2019.10.20.	33.33	1	2	3
2019.10.21.	76.47	13	4	17
2019.10.22.	81.82	27	6	33
2019.10.23.	60.0	9	6	15
2019.10.24.	84.62	11	2	13
2019.10.25.	66.67	14	7	21
2019.10.26.	76.92	10	3	13
2019.10.27.	88.89	8	1	9
2019.10.28.	86.67	13	2	15
2019.10.29.	78.57	11	3	14
2019.10.30.	76.47	13	4	17
2019.10.31.	84.21	16	3	19
2019.11.01.	81.82	9	2	11
2019.11.02.	100.0	2	0	2
2019.11.03.	100.0	1	0	1
2019.11.04.	58.33	7	5	12
2019.11.05.	83.33	5	1	6
2019.11.06.	85.71	6	1	7
2019.11.07.	64.29	9	5	14
2019.11.08.	63.04	29	17	46
2019.11.09.	33.33	1	2	3
2019.11.10.	100.0	2	0	2
2019.11.11.	81.25	13	3	16
2019.11.12.	81.48	22	5	27
2019.11.13.	54.55	12	10	22
2019.11.14.	65.22	15	8	23
2019.11.15.	66.67	6	3	9
2019.11.16.	0.0	0	0	0
2019.11.17.	100.0	2	0	2
2019.11.18.	78.57	11	3	14
2019.11.19.	60.0	12	8	20
2019.11.20.	91.67	11	1	12
2019.11.21.	54.55	6	5	11
2019.11.22.	73.08	19	7	26
2019.11.23.	50.0	1	1	2
2019.11.24.	50.0	1	1	2
2019.11.25.	80.0	12	3	15
2019.11.26.	72.22	13	5	18
2019.11.27.	61.54	8	5	13
2019.11.28.	63.64	7	4	11
2019.11.29.	64.29	9	5	14
2019.11.30.	83.33	5	1	6
2019.12.02.	70.59	12	5	17
2019.12.03.	72.22	13	5	18
2019.12.04.	50.0	10	10	20
2019.12.05.	72.73	16	6	22
2019.12.06.	75.0	18	6	24
2019.12.07.	100.0	4	0	4
2019.12.08.	100.0	1	0	1
2019.12.09.	71.43	10	4	14
2019.12.10.	88.89	16	2	18
2019.12.11.	63.16	12	7	19
2019.12.12.	77.78	14	4	18
2019.12.13.	93.33	14	1	15
2019.12.14.	100.0	1	0	1
2019.12.15.	50.0	1	1	2
2019.12.16.	68.42	13	6	19
2019.12.17.	86.96	20	3	23
2019.12.18.	66.67	8	4	12
2019.12.19.	85.71	12	2	14
2019.12.20.	94.74	18	1	19
2019.12.21.	100.0	2	0	2
2019.12.22.	100.0	3	0	3
2019.12.23.	57.89	11	8	19
2019.12.24.	69.23	9	4	13
2019.12.25.	100.0	5	0	5
2019.12.26.	69.57	16	7	23
2019.12.27.	68.75	11	5	16
2019.12.28.	50.0	1	1	2
2019.12.29.	100.0	1	0	1
2019.12.30.	76.19	16	5	21
2019.12.31.	80.0	8	2	10
2020.01.01.	100.0	4	0	4
2020.01.02.	38.1	8	13	21
2020.01.03.	72.22	13	5	18
2020.01.04.	100.0	2	0	2
2020.01.05.	100.0	1	0	1
2020.01.06.	50.0	7	7	14
2020.01.07.	70.0	14	6	20
2020.01.08.	78.57	11	3	14
2020.01.09.	100.0	14	0	14
2020.01.10.	85.71	12	2	14
2020.01.11.	100.0	2	0	2
2020.01.12.	75.0	3	1	4
2020.01.13.	80.77	21	5	26
2020.01.14.	86.36	19	3	22
2020.01.15.	75.0	6	2	8
2020.01.16.	71.43	15	6	21
2020.01.17.	70.59	12	5	17
2020.01.18.	100.0	2	0	2
2020.01.19.	83.33	5	1	6
2020.01.20.	47.06	8	9	17
2020.01.21.	53.57	15	13	28
2020.01.22.	81.82	18	4	22
2020.01.23.	88.89	16	2	18
2020.01.24.	62.5	5	3	8
2020.01.25.	80.0	4	1	5
2020.01.26.	100.0	3	0	3
2020.01.27.	100.0	3	0	3
2020.01.28.	45.83	11	13	24
2020.01.29.	75.0	9	3	12
2020.01.30.	58.82	10	7	17
2020.01.31.	61.54	8	5	13
2020.02.01.	100.0	3	0	3
2020.02.02.	71.43	5	2	7
2020.02.03.	73.33	11	4	15
2020.02.04.	63.16	12	7	19
2020.02.05.	70.0	7	3	10
2020.02.06.	84.62	11	2	13
2020.02.07.	56.25	9	7	16
2020.02.08.	100.0	1	0	1
2020.02.09.	100.0	4	0	4
2020.02.10.	65.22	15	8	23
2020.02.11.	68.18	15	7	22
2020.02.12.	69.05	29	13	42
2020.02.13.	64.71	22	12	34
2020.02.14.	55.56	10	8	18
2020.02.15.	80.0	4	1	5
2020.02.16.	33.33	2	4	6
2020.02.17.	60.87	14	9	23
2020.02.18.	68.75	11	5	16
2020.02.19.	81.25	13	3	16
2020.02.20.	62.5	10	6	16
2020.02.21.	35.29	6	11	17
2020.02.22.	100.0	3	0	3
2020.02.23.	100.0	4	0	4
2020.02.24.	38.89	7	11	18
2020.02.25.	64.71	11	6	17
2020.02.26.	57.89	11	8	19
2020.02.27.	26.32	5	14	19
2020.02.28.	40.0	10	15	25
2020.02.29.	62.5	5	3	8
2020.03.01.	42.86	3	4	7
2020.03.02.	43.48	10	13	23
2020.03.03.	38.1	8	13	21
2020.03.04.	74.19	23	8	31
2020.03.05.	65.22	15	8	23
2020.03.06.	55.0	11	9	20
2020.03.07.	60.0	3	2	5
2020.03.08.	44.44	4	5	9
2020.03.09.	50.0	12	12	24
2020.03.10.	53.85	14	12	26
2020.03.11.	53.85	14	12	26
2020.03.12.	35.71	10	18	28
2020.03.13.	40.0	6	9	15
2020.03.14.	50.0	2	2	4
2020.03.15.	50.0	1	1	2
2020.03.16.	26.09	6	17	23
2020.03.17.	45.83	11	13	24
2020.03.18.	56.52	13	10	23
2020.03.19.	24.44	11	34	45
2020.03.20.	70.21	33	14	47
2020.03.21.	100.0	2	0	2
2020.03.22.	50.0	2	2	4
2020.03.23.	43.33	13	17	30
2020.03.24.	65.45	36	19	55
2020.03.25.	78.12	25	7	32
2020.03.26.	66.67	30	15	45
2020.03.27.	60.53	23	15	38
2020.03.28.	33.33	1	2	3
2020.03.29.	75.0	3	1	4
2020.03.30.	58.54	24	17	41
2020.03.31.	70.97	22	9	31
2020.04.01.	65.91	29	15	44
2020.04.02.	75.68	28	9	37
2020.04.03.	77.42	24	7	31
2020.04.04.	66.67	4	2	6
2020.04.05.	50.0	3	3	6
2020.04.06.	51.72	15	14	29
2020.04.07.	69.57	16	7	23
2020.04.08.	51.85	14	13	27
2020.04.09.	73.33	22	8	30
2020.04.10.	64.52	20	11	31
2020.04.11.	100.0	3	0	3
2020.04.12.	100.0	6	0	6
2020.04.13.	42.31	11	15	26
2020.04.14.	66.67	24	12	36
2020.04.15.	80.0	4	1	5
2020.04.16.	66.67	18	9	27
2020.04.17.	68.75	22	10	32
2020.04.18.	66.67	2	1	3
2020.04.19.	100.0	5	0	5
2020.04.20.	58.06	18	13	31
2020.04.21.	54.17	13	11	24
2020.04.22.	62.96	17	10	27
2020.04.23.	62.96	17	10	27
2020.04.24.	62.96	17	10	27
2020.04.25.	50.0	1	1	2
2020.04.26.	75.0	3	1	4
2020.04.27.	90.48	19	2	21
2020.04.28.	67.74	21	10	31
2020.04.29.	51.52	17	16	33
2020.04.30.	57.14	4	3	7
2020.05.01.	16.67	1	5	6
2020.05.02.	36.0	9	16	25
2020.05.03.	25.0	1	3	4
2020.05.04.	41.18	14	20	34
2020.05.05.	80.0	4	1	5
2020.05.06.	81.08	30	7	37
2020.05.07.	66.67	24	12	36
2020.05.08.	90.62	29	3	32
2020.05.09.	54.55	6	5	11
2020.05.10.	55.56	5	4	9
2020.05.11.	59.38	19	13	32
2020.05.12.	68.97	20	9	29
2020.05.13.	63.64	28	16	44
2020.05.14.	55.93	33	26	59
2020.05.15.	63.89	23	13	36
2020.05.16.	83.33	5	1	6
2020.05.17.	80.0	4	1	5
2020.05.18.	70.97	22	9	31
2020.05.19.	63.16	12	7	19
2020.05.20.	66.67	14	7	21
2020.05.21.	57.89	11	8	19
2020.05.22.	57.69	15	11	26
2020.05.23.	100.0	2	0	2
2020.05.24.	85.71	6	1	7
2020.05.25.	75.0	15	5	20
2020.05.26.	74.19	23	8	31
2020.05.27.	66.67	16	8	24
2020.05.28.	52.17	12	11	23
2020.05.29.	58.82	10	7	17
2020.05.30.	100.0	2	0	2
2020.05.31.	40.0	2	3	5
2020.06.01.	87.5	14	2	16
2020.06.02.	68.18	15	7	22
2020.06.03.	70.73	29	12	41
2020.06.04.	54.55	6	5	11
2020.06.05.	62.5	10	6	16
2020.06.06.	0.0	0	2	2
2020.06.07.	62.5	5	3	8
2020.06.08.	64.71	11	6	17
2020.06.09.	62.5	10	6	16
2020.06.10.	81.25	13	3	16
2020.06.11.	71.43	10	4	14
2020.06.12.	51.85	14	13	27
2020.06.13.	68.75	11	5	16
2020.06.14.	75.0	3	1	4
2020.06.15.	50.0	11	11	22
2020.06.16.	71.43	15	6	21
2020.06.17.	84.21	16	3	19
2020.06.18.	64.0	16	9	25
2020.06.19.	60.0	12	8	20
2020.06.20.	50.0	2	2	4
2020.06.21.	40.0	2	3	5
2020.06.22.	73.68	14	5	19
2020.06.23.	76.67	23	7	30
2020.06.24.	77.27	17	5	22
2020.06.25.	71.43	15	6	21
2020.06.26.	65.22	15	8	23
2020.06.27.	66.67	2	1	3
2020.06.28.	66.67	2	1	3
2020.06.29.	70.0	21	9	30
2020.06.30.	94.29	33	2	35
2020.07.01.	50.0	9	9	18
2020.07.02.	78.12	25	7	32
2020.07.03.	57.14	12	9	21
2020.07.04.	50.0	2	2	4
2020.07.05.	50.0	1	1	2
2020.07.06.	80.0	40	10	50
2020.07.07.	66.67	12	6	18
2020.07.08.	66.67	14	7	21
2020.07.09.	63.64	14	8	22
2020.07.10.	61.29	19	12	31
2020.07.11.	100.0	1	0	1
2020.07.12.	0.0	0	2	2
2020.07.13.	88.89	16	2	18
2020.07.14.	57.69	15	11	26
2020.07.15.	61.11	11	7	18
2020.07.16.	57.89	11	8	19
2020.07.17.	63.16	12	7	19
2020.07.18.	50.0	1	1	2
2020.07.19.	66.67	2	1	3
2020.07.20.	64.71	11	6	17
2020.07.21.	80.0	8	2	10
2020.07.22.	46.67	7	8	15
2020.07.23.	63.64	7	4	11
2020.07.24.	61.54	8	5	13
2020.07.25.	66.67	2	1	3
2020.07.26.	83.33	5	1	6
2020.07.27.	73.33	11	4	15
2020.07.28.	71.43	5	2	7
2020.07.29.	66.67	10	5	15
2020.07.30.	60.0	6	4	10
2020.07.31.	50.0	4	4	8
2020.08.01.	66.67	4	2	6
2020.08.02.	50.0	1	1	2
2020.08.03.	77.78	14	4	18
2020.08.04.	86.67	13	2	15
2020.08.05.	90.0	9	1	10
2020.08.06.	62.5	10	6	16
2020.08.07.	66.67	4	2	6
2020.08.08.	100.0	2	0	2
2020.08.09.	33.33	1	2	3
2020.08.10.	64.29	9	5	14
2020.08.11.	65.62	21	11	32
2020.08.12.	48.39	15	16	31
2020.08.13.	65.0	13	7	20
2020.08.14.	61.11	11	7	18
2020.08.15.	71.43	5	2	7
2020.08.16.	42.86	3	4	7
2020.08.17.	57.14	4	3	7
2020.08.18.	37.5	6	10	16
2020.08.19.	47.06	8	9	17
2020.08.20.	23.08	3	10	13
2020.08.21.	41.67	5	7	12
2020.08.22.	50.0	1	1	2
2020.08.23.	0.0	0	0	0
2020.08.24.	50.0	5	5	10
2020.08.25.	60.0	9	6	15
2020.08.26.	73.33	11	4	15
2020.08.27.	84.62	11	2	13
2020.08.28.	57.14	8	6	14
2020.08.29.	33.33	1	2	3
2020.08.30.	33.33	1	2	3
2020.08.31.	70.0	14	6	20
2020.09.01.	66.67	12	6	18
2020.09.02.	66.67	12	6	18
2020.09.03.	58.82	10	7	17
2020.09.04.	63.16	12	7	19
2020.09.05.	66.67	2	1	3
2020.09.06.	100.0	6	0	6
2020.09.07.	61.9	13	8	21
2020.09.08.	37.5	6	10	16
2020.09.09.	60.0	9	6	15
2020.09.10.	55.56	5	4	9
2020.09.11.	41.67	5	7	12
2020.09.12.	50.0	1	1	2
2020.09.13.	0.0	0	1	1
2020.09.14.	60.0	9	6	15
2020.09.15.	53.85	7	6	13
2020.09.16.	53.85	7	6	13
2020.09.17.	45.45	5	6	11
2020.09.18.	16.67	1	5	6
2020.09.19.	66.67	2	1	3
2020.09.20.	83.33	5	1	6
2020.09.21.	45.0	9	11	20
2020.09.22.	50.0	5	5	10
2020.09.23.	55.56	10	8	18
2020.09.24.	33.33	4	8	12
2020.09.25.	50.0	6	6	12
2020.09.26.	60.0	3	2	5
2020.09.27.	75.0	3	1	4
2020.09.28.	86.67	13	2	15
2020.09.29.	76.92	10	3	13
2020.09.30.	87.5	7	1	8
2020.10.01.	66.67	2	1	3
2020.10.02.	0.0	0	1	1
2020.10.03.	0.0	0	2	2
2020.10.05.	55.56	5	4	9
2020.10.06.	44.44	4	5	9
2020.10.07.	0.0	0	5	5
2020.10.08.	50.0	1	1	2
2020.10.09.	33.33	1	2	3
2020.10.10.	66.67	2	1	3
2020.10.11.	0.0	0	0	0
2020.10.12.	52.94	9	8	17
2020.10.13.	50.0	8	8	16
2020.10.14.	45.45	5	6	11
2020.10.15.	50.0	6	6	12
2020.10.16.	64.29	9	5	14
2020.10.17.	100.0	2	0	2
2020.10.18.	0.0	0	2	2
2020.10.19.	47.06	8	9	17
2020.10.20.	66.67	10	5	15
2020.10.21.	55.0	11	9	20
2020.10.22.	50.0	9	9	18
2020.10.23.	54.55	6	5	11
2020.10.24.	75.0	3	1	4
2020.10.25.	33.33	2	4	6
2020.10.26.	46.43	13	15	28
2020.10.27.	68.75	11	5	16
2020.10.28.	85.71	6	1	7
2020.10.29.	66.67	10	5	15
2020.10.30.	73.33	11	4	15
2020.10.31.	71.43	5	2	7
2020.11.01.	33.33	1	2	3
2020.11.02.	73.91	17	6	23
2020.11.03.	55.56	5	4	9
2020.11.04.	66.67	4	2	6
2020.11.05.	55.56	5	4	9
2020.11.06.	63.64	7	4	11
2020.11.07.	66.67	2	1	3
2020.11.08.	55.56	5	4	9
2020.11.09.	100.0	12	0	12
2020.11.10.	54.55	6	5	11
2020.11.11.	61.29	19	12	31
2020.11.12.	82.76	24	5	29
2020.11.13.	70.59	12	5	17
2020.11.14.	57.14	4	3	7
2020.11.15.	75.0	3	1	4
2020.11.16.	73.91	17	6	23
2020.11.17.	57.89	11	8	19
2020.11.18.	70.83	17	7	24
2020.11.19.	66.67	12	6	18
2020.11.20.	94.74	18	1	19
2020.11.21.	95.0	19	1	20
2020.11.22.	100.0	8	0	8
2020.11.23.	76.92	20	6	26
2020.11.24.	61.9	13	8	21
2020.11.25.	78.95	15	4	19
2020.11.26.	68.75	11	5	16
2020.11.27.	80.95	17	4	21
2020.11.28.	100.0	2	0	2
2020.11.29.	60.0	3	2	5
2020.11.30.	69.57	16	7	23
2020.12.01.	72.22	13	5	18
2020.12.02.	58.33	7	5	12
2020.12.03.	57.69	30	22	52
2020.12.04.	52.08	25	23	48
2020.12.05.	71.43	5	2	7
2020.12.06.	62.5	10	6	16
2020.12.07.	35.9	14	25	39
2020.12.08.	56.52	13	10	23
2020.12.09.	61.11	11	7	18
2020.12.10.	60.0	12	8	20
2020.12.11.	66.67	12	6	18
2020.12.12.	66.67	2	1	3
2020.12.13.	0.0	0	1	1
2020.12.14.	63.16	12	7	19
2020.12.15.	35.29	6	11	17
2020.12.16.	63.16	12	7	19
2020.12.17.	72.22	13	5	18
2020.12.18.	68.75	11	5	16
2020.12.19.	80.0	4	1	5
2020.12.20.	50.0	2	2	4
2020.12.21.	50.0	10	10	20
2020.12.22.	66.67	8	4	12
2020.12.23.	53.33	8	7	15
2020.12.24.	64.71	11	6	17
2020.12.25.	50.0	3	3	6
2020.12.26.	0.0	0	2	2
2020.12.27.	42.86	3	4	7
2020.12.28.	65.0	13	7	20
2020.12.29.	84.62	11	2	13
2020.12.30.	73.08	19	7	26
2020.12.31.	70.59	12	5	17
2021.01.01.	75.0	3	1	4
2021.01.02.	75.0	3	1	4
2021.01.03.	50.0	2	2	4
2021.01.04.	64.29	9	5	14
2021.01.05.	60.0	9	6	15
2021.01.06.	7.14	1	13	14
2021.01.07.	50.0	6	6	12
2021.01.08.	75.0	9	3	12
2021.01.09.	100.0	1	0	1
2021.01.10.	33.33	1	2	3
2021.01.11.	57.89	11	8	19
2021.01.12.	58.33	7	5	12
2021.01.13.	82.61	19	4	23
2021.01.14.	80.0	12	3	15
2021.01.15.	64.0	16	9	25
2021.01.16.	83.33	5	1	6
2021.01.17.	66.67	2	1	3
2021.01.18.	53.33	8	7	15
2021.01.19.	85.71	18	3	21
2021.01.20.	80.0	8	2	10
2021.01.21.	64.29	9	5	14
2021.01.22.	70.37	19	8	27
2021.01.23.	75.0	6	2	8
2021.01.24.	57.14	4	3	7
2021.01.25.	86.36	19	3	22
2021.01.26.	28.57	4	10	14
2021.01.27.	69.23	9	4	13
2021.01.28.	56.25	9	7	16
2021.01.29.	72.22	13	5	18
2021.01.30.	100.0	5	0	5
2021.01.31.	83.33	5	1	6
2021.02.01.	70.83	17	7	24
2021.02.02.	60.0	9	6	15
2021.02.03.	74.07	20	7	27
2021.02.04.	47.83	11	12	23
2021.02.05.	60.0	6	4	10
2021.02.06.	66.67	2	1	3
2021.02.07.	50.0	2	2	4
2021.02.08.	64.0	16	9	25
2021.02.09.	46.67	21	24	45
2021.02.10.	87.5	21	3	24
2021.02.11.	58.33	7	5	12
2021.02.12.	55.56	5	4	9
2021.02.13.	75.0	3	1	4
2021.02.14.	80.0	4	1	5
2021.02.15.	47.06	8	9	17
2021.02.16.	35.0	7	13	20
2021.02.17.	47.06	8	9	17
2021.02.18.	80.0	12	3	15
2021.02.19.	57.89	11	8	19
2021.02.20.	33.33	1	2	3
2021.02.21.	37.5	3	5	8
2021.02.22.	51.52	17	16	33
2021.02.23.	45.0	9	11	20
2021.02.24.	55.56	10	8	18
2021.02.25.	25.0	7	21	28
2021.02.26.	40.0	10	15	25
2021.02.27.	42.86	3	4	7
2021.02.28.	25.0	2	6	8
2021.03.01.	33.33	3	6	9
2021.03.02.	32.26	10	21	31
2021.03.03.	59.26	16	11	27
2021.03.04.	54.55	12	10	22
2021.03.05.	18.75	3	13	16
2021.03.06.	14.29	1	6	7
2021.03.07.	50.0	2	2	4
2021.03.08.	48.28	14	15	29
2021.03.09.	42.11	8	11	19
2021.03.10.	40.91	9	13	22
2021.03.11.	33.33	6	12	18
2021.03.12.	44.83	13	16	29
2021.03.13.	12.5	1	7	8
2021.03.14.	16.67	1	5	6
2021.03.15.	29.63	8	19	27
2021.03.16.	18.18	2	9	11
2021.03.17.	33.33	6	12	18
2021.03.18.	59.09	13	9	22
2021.03.19.	32.0	8	17	25
2021.03.20.	14.29	1	6	7
2021.03.21.	50.0	3	3	6
2021.03.22.	42.31	11	15	26
2021.03.23.	41.18	7	10	17
2021.03.24.	35.0	7	13	20
2021.03.25.	52.63	10	9	19
2021.03.26.	65.22	15	8	23
2021.03.27.	50.0	3	3	6
2021.03.28.	66.67	6	3	9
2021.03.29.	48.28	14	15	29
2021.03.30.	52.27	23	21	44
2021.03.31.	48.48	16	17	33
2021.04.01.	36.84	7	12	19
2021.04.02.	40.0	10	15	25
2021.04.03.	100.0	1	0	1
2021.04.04.	66.67	4	2	6
2021.04.05.	78.57	11	3	14
2021.04.06.	54.55	12	10	22
2021.04.07.	50.0	7	7	14
2021.04.08.	55.56	10	8	18
2021.04.09.	52.63	10	9	19
2021.04.10.	33.33	1	2	3
2021.04.11.	42.86	3	4	7
2021.04.12.	50.0	7	7	14
2021.04.13.	66.67	10	5	15
2021.04.14.	83.33	20	4	24
2021.04.15.	66.67	6	3	9
2021.04.16.	66.67	8	4	12
2021.04.17.	33.33	2	4	6
2021.04.18.	33.33	2	4	6
2021.04.19.	44.44	12	15	27
2021.04.20.	32.26	10	21	31
2021.04.21.	47.62	10	11	21
2021.04.22.	35.0	7	13	20
2021.04.23.	44.0	11	14	25
2021.04.24.	54.55	6	5	11
2021.04.25.	71.43	5	2	7
2021.04.26.	80.0	20	5	25
2021.04.27.	51.85	14	13	27
2021.04.28.	48.39	15	16	31
2021.04.29.	64.0	16	9	25
2021.04.30.	36.11	13	23	36
2021.05.01.	66.67	4	2	6
2021.05.02.	50.0	4	4	8
2021.05.03.	48.48	16	17	33
2021.05.04.	50.0	13	13	26
2021.05.05.	68.42	13	6	19
2021.05.06.	75.0	21	7	28
2021.05.07.	55.0	11	9	20
2021.05.08.	85.71	6	1	7
2021.05.09.	50.0	1	1	2
2021.05.10.	50.0	11	11	22